66217
197933
105886
133469
227723
55959
169873
229810
82322
204129
214355
147378
129247
164229
115939
7566
83007
174187
176787
131754
154985
108249
159131
126932
214179
194522
25728
99118
504
205169
186723
22921
212507
216167
127028
227998
216604
238658
83067
187739
203107
25333
125086
225324
124359
225402
151053
78468
90389
92181
44234
156002
156711
233997
239310
22770
104644
188575
138813
101840
234148
206006
137245
67153
145440
114825
75462
150862
49898
146755
90293
211603
55331
165804
151203
71041
26730
757
176851
84963
217474
158196
72633
175086
234462
233033
182531
62266
31909
67718
146911
23637
166365
104372
203674
142365
238160
32923
165538
86067
48672
30567
7128
161027
133597
17840
46406
157107
224900
218271
145648
218942
107389
48029
29729
205803
231460
16391
124674
231303
83786
117458
201397
150237
135329
162871
180463
185927
35981
202278
147410
20864
68758
16534
227600
230446
139998
155588
26389
148611
196780
213409
118150
41830
209190
79864
182099
127340
194670
63119
158710
21672
175636
48460
75729
184807
142099
167848
137417
171948
226048
21230
12002
196459
72253
53752
43515
50710
46753
161110
77791
205288
188247
34355
188240
106305
193950
75915
174216
136540
172194
236757
27748
238302
91135
144782
20008
140643
206464
159156
204325
6656
60917
183677
46667
237697
150615
50179
100790
234457
167175
166763
113920
80946
68428
154938
62371
143362
115822
172189
106212
29516
194472
154195
170634
109948
3935
83999
202921
6547
34167
80463
129853
167945
171891
51257
215994
89527
119149
62208
217172
9860
148135
79856
4131
130021
207657
90422
106194
18550
114956
206347
96911
226116
182876
88826
40529
46823
125539
208119
64053
101741
206566
126968
192098
206495
99699
93046
137763
182144
209548
232586
40769
44824
93837
132889
98836
161299
63762
116850
58770
115559
121125
175813
225400
150696
232954
216784
217292
184728
181304
185228
204098
74796
131373
181593
126853
132284
20966
133470
174537
155672
206171
160027
216493
92340
101680
192207
232628
207227
53305
185107
55592
99995
132343
128949
166533
94738
136300
209382
216730
77228
224091
183725
121405
73014
176396
139134
215056
194285
118172
213355
153839
42136
95545
165751
79431
117962
20224
82725
93535
62617
24003
122663
82629
38003
209976
86111
29944
235809
70899
196775
62458
163799
227545
125402
225734
108499
100525
11407
40198
200336
75691
141182
82430
136400
224506
44731
42118
185418
169651
185306
212253
9494
155764
211334
168537
125554
88162
80877
128278
46833
171360
121654
36311
25838
173629
8529
189285
121583
16773
124615
47965
95584
47168
61039
218018
105530
39077
209146
89374
185063
136807
54133
190971
123068
159144
60116
236285
106702
123899
172019
159659
16307
128299
189014
15272
10990
209432
69458
133428
195887
74799
152314
136351
119637
109462
150878
184676
81889
142865
95144
22003
61351
159960
44166
324
170486
79060
188883
98129
120780
34443
168742
5783
50389
158201
9081
171968
73225
108751
115691
167273
198646
212140
65947
62122
46211
75172
39762
11073
33787
194420
60792
148235
46903
231773
8510
165325
151344
71124
124146
206732
60547
79395
177909
180931
156439
91173
42508
173933
44670
238655
4955
4847
115028
180147
3199
114077
101485
215845
48061
155714
76528
108887
46405
21190
62295
148120
13784
69637
122618
87598
230255
43616
91094
154538
107624
157266
23772
149251
118987
119495
6944
211021
34319
179761
53651
124095
173961
34436
206544
224891
139870
134478
25626
80269
165903
18473
132496
213070
158778
70522
171952
131191
235937
135909
81609
66397
211800
192921
170138
51181
37687
55242
42475
172540
211699
186888
56529
78159
112550
59302
237428
84311
149559
178789
213110
73683
104519
2227
70316
46078
47927
8978
48783
220284
184734
109668
151632
202722
113724
64245
28141
205012
179757
57035
145954
232847
100198
95477
76330
82884
115480
163211
119561
80916
14588
186521
108621
195550
166765
129970
90341
46860
219433
110279
17356
103233
136641
184574
83763
70908
91203
96540
30442
40159
31973
121321
201685
85760
43063
155730
33262
229185
15404
235335
65612
95552
175546
68887
39440
228478
151372
19467
230787
162699
217064
162371
157320
155524
214950
120451
203382
75780
125926
1970
237996
18860
193897
162271
170468
182304
32924
232390
37517
49170
31854
87982
120614
48060
157131
58932
66229
221458
22687
197695
208187
42043
14731
236086
134776
214682
180888
28512
37189
19333
237936
80313
48714
153587
25506
127307
68364
93883
208213
218775
33250
148272
55855
18143
90296
142270
51193
202397
214551
97659
172971
98600
93271
48756
100775
187149
82786
60470
63726
43239
188190
52999
51977
138611
181532
2532
41349
169853
99855
47181
63733
148936
106537
196049
53087
224214
213808
47989
56890
82414
172946
40079
179925
110439
179880
102576
140030
209824
31197
132400
110657
20019
132872
237450
121809
20418
171632
194919
222228
185226
14009
21042
134837
52542
38919
228327
31475
110081
202827
118092
219424
195377
130839
43221
73457
19831
122409
227654
18091
88726
118063
96886
53989
191069
100266
105349
119958
104374
197041
4760
82002
108338
158557
162531
21381
32106
148693
41505
40610
188323
228584
116576
84883
56490
72401
95703
114272
131555
188952
607
125341
117860
207240
228456
118784
107460
201091
105941
206187
149124
2209
5864
100944
1391
18624
131030
160703
236774
99338
100800
23201
35335
420
87155
13763
238590
101866
201049
73551
102232
239274
64496
214707
222425
150355
172460
136919
229047
89750
15041
94479
231827
121381
11972
57177
87989
16059
124926
174154
232200
138184
106859
111210
180001
172936
88874
221196
161206
29194
149390
207783
18615
220391
94825
12537
43163
95995
226585
44397
53722
215664
198986
50007
118555
152900
85671
84931
105938
146165
149331
221043
136617
41134
22809
232829
71198
104281
85103
123463
12712
87682
17047
16828
48784
158150
16114
112756
110880
83238
81055
72618
188407
188664
34673
233184
192518
28742
189937
48078
32998
44509
209577
2601
132110
112405
126146
61743
192608
187699
226563
188996
230265
147415
185811
160448
157667
158964
131040
155839
16162
76116
124986
209172
24648
87623
232024
145766
154052
215031
177032
66507
126437
212875
207798
62979
103532
195484
185037
198880
3708
55451
101108
31219
40787
175019
130510
68136
36570
163032
222237
65566
61398
160881
196764
156574
24112
166672
47500
134631
212256
223223
106197
173907
204254
138721
118547
55846
26292
193863
210135
174887
37633
162333
160495
178071
161573
107531
214715
80817
7809
208489
36366
219056
125428
59913
84977
117923
191292
82868
219240
9123
81210
157000
16051
200603
16269
176928
27044
42498
8363
88813
54878
37953
74543
184547
134095
214274
81620
125536
24585
15260
225470
88723