110839 3
133924 5
204397 7
80418 9
82575 3
118616 5
171285 7
84323 9
169577 3
99362 5
176215 7
139285 9
25141 3
129202 5
139456 7
75913 9
84395 3
75660 5
142790 7
180606 9
35357 3
84955 5
170517 7
18652 9
231583 3
197931 5
119989 7
87427 9
108514 3
74588 5
91035 7
228988 9
154601 3
37472 5
238934 7
179111 9
32672 3
110165 5
94656 7
81724 9
168211 3
179450 5
159998 7
138936 9
33053 3
109088 5
53158 7
234736 9
144377 3
111213 5
913 7
10425 9
173492 3
16773 5
181455 7
46647 9
136412 3
174765 5
167012 7
178247 9
13267 3
3752 5
15929 7
225785 9
215676 3
5831 5
220206 7
83233 9
179467 3
47451 5
24405 7
157720 9
75474 3
225173 5
82739 7
192284 9
111955 3
78479 5
113282 7
77535 9
189661 3
237309 5
176116 7
4032 9
122221 3
221845 5
134781 7
237356 9
209829 3
107570 5
9109 7
64422 9
69407 3
230226 5
197190 7
193222 9
160036 3
1371 5
164818 7
105545 9
74012 3
103917 5
104490 7
160819 9
196318 3
227810 5
38805 7
124209 9
207381 3
67295 5
102340 7
229952 9
160653 3
146367 5
19382 7
15454 9
198449 3
235463 5
59104 7
75379 9
164996 3
212278 5
232733 7
9896 9
85859 3
176445 5
102260 7
131510 9
25822 3
37600 5
78751 7
208793 9
88799 3
20729 5
222644 7
155742 9
234139 3
21236 5
194057 7
214520 9
159221 3
226849 5
230246 7
199376 9
76366 3
9604 5
119123 7
175509 9
188875 3
97913 5
116221 7
162568 9
198229 3
44898 5
137696 7
23860 9
41886 3
1089 5
12438 7
186969 9
125632 3
11559 5
119861 7
17731 9
111559 3
31988 5
11254 7
151902 9
239029 3
209863 5
102207 7
140547 9
89147 3
85916 5
175279 7
98364 9
89499 3
66422 5
107436 7
144599 9
238229 3
207100 5
48871 7
227037 9
36015 3
28883 5
158853 7
127761 9
227970 3
239111 5
221203 7
232838 9
196359 3
148097 5
149995 7
177830 9
187656 3
40371 5
2557 7
20583 9
217040 3
186515 5
22833 7
194807 9
235954 3
75056 5
133395 7
122997 9
35333 3
123416 5
6101 7
80635 9
1148 3
216617 5
64156 7
85170 9
223133 3
223281 5
128385 7
10745 9
125108 3
186677 5
76953 7
236163 9
201642 3
181611 5
135403 7
88289 9
217119 3
183775 5
85337 7
131785 9
205928 3
156306 5
153892 7
122729 9
4458 3
94627 5
43456 7
148440 9
146150 3
62270 5
211276 7
121597 9
159716 3
233690 5
120360 7
46268 9
219677 3
36289 5
222518 7
136559 9
72234 3
113405 5
73356 7
10667 9
53031 3
128223 5
142336 7
57691 9
113083 3
4778 5
218358 7
17541 9
200945 3
89013 5
60060 7
35159 9
136835 3
29569 5
219499 7
106311 9
139945 3
42346 5
216756 7
191346 9
75725 3
102844 5
107617 7
141763 9
120550 3
222698 5
46550 7
96421 9
11469 3
180885 5
2083 7
161769 9
112512 3
187472 5
187722 7
223173 9
16409 3
169955 5
173168 7
115319 9
75827 3
60645 5
40656 7
122082 9
73203 3
154324 5
116908 7
109959 9
56047 3
193326 5
138620 7
40332 9
36325 3
147864 5
160330 7
113082 9
197975 3
185732 5
46501 7
230 9
188098 3
27478 5
133987 7
92300 9
181533 3
204760 5
2454 7
66495 9
74521 3
108462 5
18781 7
20982 9
93201 3
77614 5
28422 7
173687 9
196222 3
162592 5
199457 7
194534 9
119062 3
171510 5
76998 7
26116 9
199217 3
117317 5
141249 7
76196 9
152534 3
57464 5
225655 7
213791 9
222869 3
195272 5
7000 7
11422 9
176017 3
172382 5
18134 7
67520 9
37250 3
216719 5
72133 7
59973 9
5616 3
198379 5
124696 7
114762 9
235550 3
78559 5
139369 7
55496 9
46709 3
70633 5
174661 7
50294 9
17502 3
237363 5
181463 7
63710 9
40123 3
206658 5
106304 7
75414 9
76759 3
212518 5
88343 7
237613 9
186000 3
30919 5
110329 7
38451 9
6612 3
105646 5
86564 7
222686 9
20567 3
73136 5
80993 7
235566 9
81326 3
94003 5
189391 7
135577 9
31962 3
20692 5
15556 7
41850 9
55405 3
31146 5
15788 7
149230 9
215039 3
26456 5
94984 7
67637 9
76799 3
117249 5
106446 7
182065 9
48227 3
48059 5
106617 7
85130 9
222789 3
12051 5
141692 7
214102 9
84036 3
140712 5
6264 7
79217 9
47860 3
198695 5
208424 7
95367 9
89426 3
20886 5
143251 7
187025 9
2910 3
67535 5
199727 7
32180 9
121103 3
165761 5
113133 7
224405 9
229583 3
156031 5
36342 7
115073 9
200904 3
47836 5
217186 7
115878 9
144267 3
194776 5
222024 7
65695 9
56560 3
181727 5
154957 7
89798 9
11331 3
24336 5
193837 7
96184 9
25894 3
41959 5
208183 7
174792 9
105871 3
40228 5
103758 7
10726 9
17871 3
38322 5
66924 7
167221 9
143547 3
84610 5
178990 7
103627 9
238815 3
46233 5
146026 7
69157 9
108645 3
90420 5
68800 7
217936 9
29112 3
41907 5
224112 7
124281 9
225588 3
100431 5
34744 7
156326 9
33485 3
28568 5
9000 7
200939 9
51837 3
94646 5
59745 7
36956 9
40658 3
140231 5
181468 7
2693 9
130072 3
172482 5
115810 7
238097 9
17638 3
181970 5
203966 7
164742 9
160070 3
221263 5
58251 7
138734 9
54832 3
216261 5
43936 7
143224 9
230436 3
210098 5
39116 7
145179 9
200625 3
223001 5
124120 7
163181 9
179513 3
73899 5
234586 7
200897 9
127292 3
166055 5
2333 7
83767 9
88511 3
24514 5
33736 7
124325 9
192482 3
23446 5
43031 7
43860 9
74431 3
157689 5
239255 7
179840 9
130984 3
3056 5
179755 7
220408 9
64545 3
43390 5
184019 7
126479 9
161600 3
144845 5
23597 7
9074 9
103548 3
72509 5
109466 7
198384 9
131956 3
44543 5
209828 7
232213 9
65952 3
154440 5
52819 7
114020 9
44834 3
66398 5
80588 7
87407 9
212083 3
225818 5
40204 7
80558 9
206806 3
39134 5
102619 7
134652 9
187923 3
60588 5
73866 7
24894 9
32929 3
176702 5
74943 7
53156 9
13610 3
119500 5
38127 7
135571 9
222373 3
29930 5
30056 7
120662 9
210803 3
143415 5
16311 7
229014 9
208088 3
110301 5
142436 7
119153 9
10543 3
107675 5
202771 7
5444 9
41666 3
125405 5
175176 7
37645 9
191236 3
160179 5
217760 7
216543 9
13915 3
26128 5
79797 7
20668 9
22395 3
87816 5
95741 7
140514 9
170202 3
170918 5
54583 7
114757 9
102137 3
221892 5
100324 7
79758 9
96882 3
8304 5
2254 7
227331 9
55885 3
68985 5
21027 7
203330 9
70593 3
220438 5
44664 7
78794 9
45023 3
74886 5
94133 7
18741 9
222791 3
154018 5
233082 7
179403 9
137596 3
33028 5
151147 7
14139 9
26528 3
140908 5
118892 7
155687 9
79521 3
139705 5
214889 7
11336 9
221636 3
147647 5
65800 7
146881 9
161649 3
87966 5
38219 7
60116 9
226627 3
207299 5
189147 7
199585 9
92543 3
188930 5
132585 7
2877 9
44457 3
170985 5
67619 7
76428 9
112179 3
143956 5
43683 7
219316 9
178171 3
144223 5
89260 7
90384 9
128389 3
127992 5
20148 7
119845 9
212260 3
114334 5
110150 7
157778 9
124437 3
198958 5
29654 7
115921 9
22575 3
10420 5
178451 7
29574 9
86502 3
49586 5
133544 7
24862 9
44645 3
60484 5
106760 7
75326 9
7732 3
96034 5
65887 7
24015 9
135817 3
218314 5
195276 7
139210 9
147261 3
20058 5
78868 7
144275 9
172430 3
27830 5
59058 7
56110 9
79183 3
133917 5
49777 7
147065 9
84903 3
176340 5
97427 7
72062 9
215189 3
4653 5
172174 7
8029 9
8394 3
177655 5
181147 7
203570 9
178567 3
13153 5
34595 7
221161 9
114161 3
197317 5
19274 7
103722 9
102272 3
17983 5
93763 7
69502 9
79862 3
192571 5
160957 7
238627 9
232206 3
148069 5
10707 7
164979 9
154949 3
233282 5
151800 7
74465 9
60751 3
9228 5
100193 7
159868 9
142488 3
169680 5
193937 7
45128 9
186326 3
179356 5
233157 7
109189 9
21467 3
92963 5
39091 7
56476 9
197802 3
36650 5
124779 7
12332 9
8880 3
134310 5
26101 7
95884 9
107212 3
17338 5
109554 7
198492 9
55129 3
42176 5
236806 7
63478 9
65030 3
169543 5
131723 7
132653 9
137916 3
205924 5
173908 7
205948 9
137707 3
180826 5
38850 7
131543 9
134919 3
55432 5
84961 7
213882 9
219517 3
42473 5
178607 7
134047 9
48026 3
27012 5
220029 7
117881 9
160373 3
6900 5
94454 7
86476 9
201992 3
223339 5
116919 7
160870 9
226907 3
234083 5
28246 7
42796 9
124639 3
112259 5
42391 7
160287 9
232329 3
76301 5
198075 7
110511 9
167261 3
121667 5
43004 7
37151 9
93665 3
122513 5
156235 7
232746 9
23766 3
21017 5
92526 7
111460 9
154382 3
160347 5
149409 7
79271 9
5309 3
107342 5
142027 7
96135 9
2422 3
188558 5
47966 7
155036 9
78158 3
118471 5
233771 7
186600 9
212845 3
47604 5
234916 7
207335 9
101138 3
42715 5
177882 7
159885 9
84072 3
198013 5
117407 7
99107 9
71405 3
231614 5
59262 7
219401 9
136323 3
97299 5
101332 7
75293 9
110524 3
125171 5
174657 7
210416 9
116891 3
14313 5
135850 7
143334 9
143026 3
11509 5
168834 7
116384 9
47385 3
111158 5
118207 7
223226 9
57979 3
91811 5
41003 7
160131 9
42010 3
115899 5
22166 7
82556 9
35078 3
156507 5
17981 7
121259 9
36730 3
175750 5
166925 7
140444 9
152723 3
104628 5
101548 7
236103 9
120674 3
122355 5
55975 7
226674 9
174303 3
162226 5
20232 7
141486 9
16641 3
5590 5
97417 7
17848 9
225342 3
146804 5
28335 7
32271 9
228732 3
54988 5
56695 7
212511 9
178940 3
33990 5
57652 7
210897 9
6037 3
82372 5
109794 7
68323 9
28264 3
199707 5
144499 7
16228 9
225822 3
129967 5
103439 7
194933 9
172325 3
169122 5
236776 7
2335 9
157633 3
161326 5
83861 7
165074 9
175136 3
37687 5
134417 7
156838 9
44304 3
178354 5
139137 7
182616 9
233842 3
141555 5
30106 7
178120 9
7118 3
207655 5
50461 7
181580 9
234119 3
35226 5
109100 7
129799 9
31184 3
193960 5
134533 7
144691 9
236188 3
6534 5
104352 7
108708 9
161412 3
218348 5
50462 7
87170 9
61692 3
117544 5
51626 7
70102 9
58490 3
187262 5
215616 7
191530 9
218549 3
178698 5
232272 7
50338 9
110196 3
98019 5
235527 7
79213 9
27884 3
97324 5
25765 7
156085 9
162282 3
138229 5
204431 7
41101 9
23407 3
6288 5
178030 7
180813 9
185728 3
28181 5
155319 7
47263 9
182254 3
85903 5
19109 7
148954 9
214753 3
175268 5
15031 7
67947 9
108308 3
94312 5
229584 7
62219 9
154504 3
138963 5
194214 7
78520 9
11964 3
208134 5
37285 7
37253 9
165547 3
194546 5
166743 7
198011 9
101299 3
140069 5
223371 7
156463 9
93798 3
228984 5
127637 7
84398 9
126694 3
98982 5
219544 7
84593 9
222629 3
12800 5
196476 7
129276 9
70007 3
174580 5
113489 7
66835 9
113237 3
3618 5
1361 7
54998 9
84066 3
72407 5
59231 7
15235 9
60753 3
137474 5
104147 7
37536 9
138366 3
134337 5
74093 7
113254 9
82842 3
128960 5
207420 7
147674 9
68780 3
234578 5
31612 7
114948 9
11545 3
30672 5
56811 7
87285 9
21078 3
87897 5
106608 7
147291 9
82557 3
65406 5
52481 7
167674 9
61157 3
168413 5
58714 7
130713 9
73268 3
181373 5
188456 7
33659 9
206965 3
31167 5
24093 7
209530 9
138147 3
61884 5
207574 7
53182 9
47116 3
60723 5
103782 7
101252 9
93407 3
195921 5
160341 7
120429 9
69940 3
93066 5
27551 7
41362 9
142686 3
143122 5
74703 7
105231 9
142366 3
87782 5
124947 7
148731 9
64646 3
172950 5
166127 7
190056 9
129796 3
178438 5
141445 7
67213 9
102350 3
48486 5
141060 7
165742 9
62787 3
52246 5
91068 7
36195 9
133100 3
6663 5
47490 7
171750 9
89398 3
43696 5
133958 7
18842 9
230687 3
102492 5
127463 7
69972 9
88732 3
158543 5
728 7
42879 9
184408 3
194533 5
133282 7
123593 9
96756 3
34570 5
228506 7
9364 9
216751 3
163653 5
117312 7
145789 9
48801 3
113791 5
138988 7
220260 9
157769 3
28655 5
231316 7
208780 9
149752 3
141792 5
75028 7
175601 9
163084 3
225601 5
92031 7
61799 9
61986 3
48185 5
98283 7
89835 9
204881 3
193423 5
43344 7
119677 9
126040 3
121379 5
148226 7
137078 9
151882 3
47189 5
97660 7
177151 9
237833 3
8102 5
161303 7
182150 9
57547 3
38806 5
213318 7
165687 9
78851 3
187894 5
223706 7
25510 9
227343 3
209467 5
165775 7
100924 9
125601 3
138364 5
218349 7
105005 9
167867 3
133877 5
110779 7
66770 9
147949 3
98137 5
172311 7
212249 9
56620 3
12500 5
161252 7
4296 9
112677 3
235851 5
116389 7
35634 9
130017 3
62972 5
15036 7
190919 9
107372 3
20151 5
14341 7
92633 9
75918 3
134367 5
146992 7
28862 9
176740 3
48041 5
227570 7
73300 9
186083 3
110095 5
179678 7
71571 9
173197 3
104076 5
132130 7
180238 9
91120 3
92018 5
213373 7
206352 9
78910 3
153619 5
89073 7
193001 9
182200 3
181737 5
87396 7
46438 9
20585 3
155326 5
168078 7
109589 9
206814 3
61522 5
155958 7
118337 9
180225 3
6368 5
222712 7
203273 9
63074 3
142557 5
36160 7
20395 9
75141 3
47181 5
166941 7
65527 9
220373 3
94917 5
43620 7
129853 9
163724 3
144017 5
129562 7
166215 9
212228 3
183400 5
213813 7
194960 9
235388 3
213997 5
235782 7
155801 9
137071 3
143366 5
221619 7
173215 9
107928 3
85198 5
38700 7
69501 9
175122 3
231881 5
52172 7
191627 9
107305 3
3340 5
141280 7
176202 9
204442 3
93391 5
227725 7
12867 9
177638 3
231163 5
163420 7
24693 9
130704 3
136205 5
122544 7
230498 9
206479 3
112745 5
165874 7
75943 9
120090 3
100165 5
51769 7
223634 9
56 3
158724 5
112499 7
42015 9
146620 3
81578 5
220064 7
189249 9
104538 3
236908 5
132364 7
238875 9
98686 3
141401 5
36069 7
22645 9
8288 3
109232 5
134743 7
73926 9
92541 3
50039 5
11740 7
231353 9
100454 3
119223 5
158972 7
60189 9
109716 3
88323 5
191040 7
9827 9
174198 3
228435 5
134609 7
138599 9
14810 3
232508 5
65508 7
217971 9
82162 3
146994 5
211401 7
208844 9
101495 3
28315 5
23019 7
69712 9
77609 3
105211 5
229453 7
190434 9
30180 3
70964 5
73090 7
13836 9
152360 3
201612 5
93145 7
225340 9
67377 3
112779 5
136654 7
184014 9
238065 3
124745 5
175179 7
167466 9
55371 3
17953 5
19233 7
74584 9
1810 3
97176 5
30848 7
171546 9
98131 3
51251 5
84871 7
10474 9
93173 3
144814 5
31322 7
172790 9
126635 3
184869 5
89585 7
147751 9
108483 3
173981 5
151919 7
74499 9
92600 3
136436 5
52333 7
129658 9
24253 3
170923 5
154310 7
140152 9
45838 3
105657 5
93580 7
136931 9
188899 3
212569 5
190326 7
6299 9
116390 3
219206 5
81975 7
57251 9
13578 3
234740 5
231187 7
225427 9
9526 3
10196 5
18968 7
195216 9
9394 3
198708 5
182049 7
54498 9
223923 3
61702 5
45782 7
16753 9
14631 3
223597 5
197989 7
58561 9
234727 3
135416 5
94597 7
32754 9
176470 3
160339 5
20311 7
173603 9
238644 3
28543 5
16308 7
11114 9
179551 3
155555 5
169907 7
28158 9
229792 3
192665 5
45864 7
237401 9
34085 3
19590 5
86625 7
218997 9
114064 3
117242 5
80010 7
44912 9
102438 3
176512 5
74578 7
155539 9
122159 3
112723 5
113536 7
70814 9
7809 3
212438 5
11529 7
224221 9
102662 3
76942 5
46400 7
105282 9
87424 3
216742 5
100244 7
36755 9
156730 3
157744 5
88159 7
152059 9
188648 3
110361 5
105149 7
149424 9
65886 3
181044 5
5809 7
36435 9
186002 3
66893 5
153190 7
198480 9
225178 3
67977 5
185471 7
137355 9
203427 3
27388 5
10743 7
42368 9
130140 3
19930 5
189247 7
178123 9
145728 3
202819 5
177879 7
70595 9
200640 3
142084 5
56732 7
127503 9
214287 3
102416 5
67992 7
85268 9
89921 3
175644 5
185928 7
178303 9
204569 3
205628 5
77658 7
211901 9
117217 3
200704 5
44236 7
101951 9
35065 3
201800 5
153428 7
177033 9
26735 3
81730 5
41163 7
43878 9
157261 3
48218 5
119424 7
22212 9
228538 3
121871 5
56320 7
122924 9
182697 3
125964 5
71369 7
238677 9
48880 3
8396 5
198258 7
156094 9
24959 3
201222 5
27138 7
168348 9
82592 3
147401 5
144154 7
78933 9
163215 3
209772 5
70805 7
158649 9
20341 3
153652 5
3419 7
40195 9
58662 3
170980 5
113565 7
38008 9
15862 3
44875 5
107806 7
124026 9
227615 3
234865 5
50690 7
61061 9
103766 3
2582 5
152444 7
7677 9
199476 3
184885 5
15531 7
219274 9
195084 3
111463 5
14745 7
102382 9
230449 3
52797 5
145629 7
181755 9
170683 3
94382 5
150202 7
98504 9
102469 3
149196 5
135828 7
172194 9
82132 3
23491 5
9058 7
98799 9
234328 3
200950 5
203009 7
187837 9
230573 3
153843 5
189130 7
116199 9
66808 3
202731 5
4138 7
70899 9
93297 3
128550 5
127517 7
66396 9
19871 3
214657 5
107383 7
224012 9
173553 3
15111 5
185756 7
170357 9
88830 3
42465 5
61847 7
110926 9
176643 3
49630 5
188629 7
85199 9
74483 3
23853 5
178128 7
204265 9
43870 3
56262 5
173153 7
93891 9
15314 3
71661 5
88684 7
9584 9
200523 3
190322 5
107270 7
190302 9
131367 3
56677 5
180600 7
40188 9
106485 3
159236 5
210261 7
133160 9
122034 3
171712 5
96292 7
234843 9
18776 3
97227 5
104647 7
101655 9
106848 3
139548 5
151971 7
85540 9
196926 3
93217 5
204165 7
28677 9
115631 3
41639 5
141443 7
41004 9
26839 3
210655 5
231657 7
76482 9
99485 3
187023 5
194191 7
203323 9
78116 3
152935 5
5048 7
103423 9
51302 3
73182 5
129288 7
22138 9
76936 3
440 5
38313 7
51428 9
27251 3
16145 5
29143 7
26932 9
50827 3
72382 5
1262 7
134552 9
214872 3
93322 5
203145 7
129561 9
138824 3
98968 5
229632 7
162582 9
117735 3
65418 5
228737 7
100066 9
164417 3
33910 5
49997 7
37394 9
120712 3
4723 5
173240 7
213496 9
176878 3
52056 5
198983 7
172899 9
117817 3
43987 5
180699 7
71747 9
146672 3
225954 5
56190 7
113559 9
104954 3
27632 5
97028 7
161069 9
221048 3
76015 5
162325 7
214410 9
104428 3
151936 5
152944 7
138208 9
58111 3
787 5
63509 7
14622 9
137387 3
145858 5
130552 7
8656 9
118554 3
2830 5
22008 7
182942 9
108605 3
68855 5
131728 7
47349 9
201151 3
175785 5
164213 7
154443 9
221219 3
210937 5
128310 7
112488 9
177314 3
71108 5
8192 7
38880 9
39462 3
69168 5
83840 7
193163 9
180965 3
198814 5
23436 7
93654 9
114942 3
134526 5
73139 7
200605 9
165411 3
232859 5
58749 7
87304 9
150217 3
77841 5
115887 7
52293 9
123587 3
30913 5
18788 7
96344 9
89572 3
47757 5
234921 7
142243 9
117090 3
182424 5
41443 7
14265 9
27724 3
132424 5
207506 7
89945 9
179492 3
77311 5
92636 7
64316 9
187275 3
123645 5
67017 7
231454 9
160803 3
175467 5
183676 7
27344 9
112181 3
10255 5
58148 7
157368 9
178309 3
99329 5
112030 7
57235 9
61322 3
167881 5
224093 7
52798 9
109836 3
106309 5
167879 7
203673 9
178632 3
181846 5
98990 7
98586 9
224297 3
201837 5
49840 7
235197 9
132425 3
37886 5
235643 7
127430 9
236346 3
29066 5
189071 7
58903 9
166045 3
180557 5
7698 7
67198 9
189981 3
74285 5
133649 7
65613 9
122341 3
89082 5
15359 7
46505 9
222339 3
16771 5
213630 7
55980 9
187908 3
227110 5
158253 7
229056 9
48796 3
91638 5
166926 7
136043 9
232388 3
128294 5
99742 7
186934 9
69869 3
233622 5
218609 7
111335 9
216546 3
105281 5
31349 7
195034 9
82219 3
202392 5
140233 7
211191 9
91217 3
81923 5
5916 7
123161 9
182015 3
169960 5
190755 7
79970 9
2363 3
53563 5
134256 7
83557 9
180060 3
117408 5
208575 7
224464 9
34434 3
218687 5
67993 7
178432 9
6552 3
37790 5
68470 7
163610 9
80061 3
82746 5
215450 7
76351 9
94343 3
141240 5
14512 7
20146 9
131522 3
149254 5
96588 7
234998 9
166905 3
217197 5
125165 7
66491 9
139514 3
86447 5
53797 7
152659 9
191512 3
13973 5
50982 7
61787 9
90188 3
72732 5
184899 7
10302 9
165008 3
134052 5
101424 7
201467 9
58680 3
97670 5
46454 7
44316 9
211658 3
165527 5
91427 7
44101 9
133407 3
222267 5
24901 7
11975 9
225500 3
60187 5
4497 7
11197 9
14719 3
194140 5
23654 7
97463 9
41539 3
123232 5
184344 7
56679 9
27100 3
215961 5
203737 7
30688 9
109173 3
140100 5
69368 7
146643 9
89582 3
214594 5
712 7
30745 9
169699 3
128391 5
77315 7
215163 9
176811 3
156832 5
235230 7
175035 9
15040 3
171499 5
112986 7
232073 9
125788 3
3269 5
77913 7
47005 9
116252 3
40525 5
8549 7
220143 9
66858 3
122431 5
201902 7
182757 9
221917 3
225587 5
91010 7
74110 9
234324 3
13281 5
99975 7
33581 9
115337 3
132102 5
75750 7
102023 9
174642 3
164299 5
176293 7
141673 9
187708 3
63727 5
46837 7
224885 9
39777 3
214581 5
218814 7
220637 9
86016 3
80477 5
46918 7
19333 9
197446 3
7099 5
196308 7
6954 9
74055 3
43030 5
220958 7
82207 9
96134 3
67963 5
210404 7
150851 9
132211 3
147914 5
82341 7
215898 9
124246 3
8166 5
212454 7
129816 9
58807 3
59162 5
103170 7
166997 9
125617 3
122506 5
26008 7
193721 9
41560 3
169991 5
232442 7
171941 9
127237 3
94722 5
163392 7
70235 9
17218 3
163595 5
42941 7
219929 9
192814 3
208778 5
115898 7
126563 9
202539 3
25471 5
170206 7
70983 9
60013 3
61277 5
163432 7
101243 9
231927 3
127808 5
20489 7
4995 9
6737 3
119338 5
87389 7
78117 9
233759 3
163613 5
196316 7
218160 9
223841 3
147322 5
192404 7
89660 9
82074 3
35367 5
28022 7
157364 9
197803 3
198316 5
229990 7
18223 9
89124 3
94281 5
219366 7
216675 9
31384 3
88594 5
100187 7
94367 9
228664 3
84476 5
69822 7
25837 9
59891 3
28961 5
234868 7
137166 9
36966 3
142688 5
124823 7
232032 9
209155 3
105427 5
161822 7
149626 9
194848 3
211931 5
28199 7
134799 9
137688 3
229380 5
109935 7
157367 9
238839 3
135682 5
141905 7
146464 9
38182 3
81513 5
157303 7
204460 9
212060 3
28934 5
36735 7
150932 9
131236 3
123440 5
201761 7
38645 9
137508 3
179221 5
116324 7
205879 9
160943 3
227077 5
122375 7
51529 9
156706 3
230778 5
96389 7
103291 9
37057 3
16947 5
93499 7
236138 9
48378 3
179746 5
99986 7
47597 9
161003 3
7897 5
187711 7
4550 9
127752 3
22084 5
169302 7
109446 9
186223 3
28953 5
199100 7
9658 9
196360 3
159812 5
49526 7
93270 9
173176 3
237691 5
42610 7
177996 9
239249 3
168544 5
24552 7
123020 9
162876 3
210763 5
154600 7
100444 9
139017 3
49021 5
24251 7
81432 9
226066 3
80134 5
148866 7
199071 9
116912 3
227398 5
138442 7
123387 9
67209 3
73121 5
225631 7
119329 9
170077 3
66061 5
65655 7
115732 9
195615 3
102655 5
128731 7
233700 9
160846 3
233791 5
202557 7
126046 9
194712 3
28145 5
221609 7
154775 9
77122 3
113359 5
33892 7
48063 9
55062 3
6577 5
191430 7
78336 9
205300 3
144181 5
66016 7
72005 9
102018 3
2144 5
182656 7
182514 9
62260 3
219641 5
154622 7
68281 9
129108 3
117696 5
69467 7
173816 9
68280 3
37056 5
132532 7
72903 9
67528 3
67650 5
164743 7
1652 9
139221 3
129358 5
5665 7
6474 9
33962 3
139721 5
129930 7
148047 9
14346 3
116848 5
107922 7
125013 9
161156 3
32396 5
130708 7
52994 9
113608 3
130815 5
57475 7
115822 9
185332 3
181819 5
200659 7
190460 9
96742 3
81992 5
110216 7
68807 9
103054 3
177406 5
138828 7
18014 9
152942 3
163071 5
13401 7
197703 9
193749 3
125461 5
199484 7
165136 9
166102 3
200762 5
201037 7
94226 9
148365 3
111609 5
145691 7
176815 9
181987 3
217396 5
167588 7
124052 9
230532 3
139882 5
81749 7
187376 9
79590 3
86379 5
16533 7
14964 9
169798 3
216343 5
37693 7
71142 9
67776 3
75780 5
105462 7
197324 9
78222 3
53700 5
185415 7
222443 9
146835 3
148495 5
11313 7
238263 9
77392 3
233475 5
189650 7
203092 9
226138 3
175521 5
63868 7
28569 9
200576 3
47046 5
15277 7
37097 9
162774 3
227287 5
96265 7
61492 9
94464 3
99569 5
146580 7
89186 9
233458 3
102721 5
182183 7
210943 9
95946 3
54169 5
58103 7
233255 9
202801 3
165743 5
109545 7
106953 9
134961 3
158612 5
2111 7
211078 9
90935 3
4409 5
4065 7
47898 9
237969 3
149051 5
85049 7
178886 9
37743 3
137686 5
89220 7
204162 9
125683 3
173291 5
109898 7
198459 9
150139 3
188268 5
62751 7
66618 9
81899 3
203842 5
152035 7
161784 9
227541 3
166960 5
7244 7
102917 9
36137 3
29581 5
126151 7
56209 9
19942 3
203910 5
138568 7
62319 9
108822 3
128795 5
117921 7
27290 9
235862 3
141961 5
13714 7
235044 9
117036 3
107771 5
57643 7
6285 9
90537 3
150491 5
155294 7
116234 9
192661 3
81503 5
135350 7
101966 9
212459 3
98598 5
116313 7
76450 9
169079 3
21414 5
53536 7
127689 9
56524 3
137587 5
233562 7
140834 9
218117 3
237372 5
84418 7
9131 9
81068 3
224875 5
203478 7
17328 9
137650 3
27969 5
82037 7
131599 9
97271 3
81380 5
6316 7
57892 9
73946 3
237669 5
67586 7
174140 9
112015 3
57263 5
63004 7
84896 9
143966 3
102159 5
26945 7
59529 9
127285 3
226918 5
171756 7
50753 9
123326 3
134676 5
194227 7
232583 9
39852 3
195801 5
221189 7
118598 9
21864 3
133739 5
194903 7
196760 9
54134 3
67182 5
59812 7
133995 9
33567 3
157877 5
64578 7
84788 9
182032 3
53361 5
205537 7
84453 9
160960 3
71163 5
14404 7
46232 9
222171 3
220295 5
27203 7
101191 9
189172 3
88185 5
71005 7
186261 9
38332 3
64989 5
207711 7
66852 9
172978 3
60677 5
23442 7
153909 9
195252 3
39874 5
141627 7
14133 9
10795 3
80306 5
42204 7
86067 9
14692 3
191739 5
28763 7
161745 9
176058 3
205446 5
21626 7
149970 9
77904 3
153010 5
176809 7
123457 9
212520 3
134756 5
5478 7
180059 9
126983 3
81 5
60186 7
114087 9
239400 3
45252 5
132975 7
2999 9
139148 3
138426 5
5469 7
54333 9
123791 3
88277 5
101196 7
184101 9
199764 3
54871 5
30922 7
73351 9
111152 3
157594 5
171170 7
104384 9
197238 3
224281 5
110445 7
32260 9
60897 3
162015 5
83285 7
212188 9
117644 3
51788 5
162684 7
80621 9
139665 3
178245 5
204709 7
40481 9
186691 3
173321 5
27742 7
217082 9
185699 3
22282 5
29577 7
104724 9
31230 3
193227 5
73495 7
187055 9
180858 3
52342 5
215087 7
91578 9
83195 3
159652 5
27646 7
32874 9
96218 3
25343 5
46567 7
15387 9
137771 3
166450 5
71686 7
222270 9
210362 3
212242 5
111396 7
32307 9
2521 3
189160 5
159805 7
181379 9
37955 3
105466 5
51278 7
130108 9
37180 3
156687 5
214776 7
160624 9
14216 3
239513 5
34966 7
5519 9
107820 3
222742 5
234213 7
85723 9
199140 3
181554 5
181254 7
38000 9
174574 3
30035 5
114804 7
95454 9
154470 3
46113 5
93364 7
218947 9
118628 3
48730 5
162411 7
231623 9
78497 3
159063 5
141468 7
45811 9
6134 3
225261 5
10428 7
58652 9
183006 3
77015 5
31566 7
208333 9
73996 3
134439 5
143604 7
98016 9
3834 3
62378 5
202538 7
220265 9
8960 3
2396 5
96852 7
98761 9
99256 3
13776 5
7979 7
115013 9
57498 3
89264 5
136186 7
6245 9
132869 3
35613 5
209299 7
5065 9
140144 3
103715 5
432 7
183274 9
224807 3
170652 5
103037 7
164145 9
236652 3
234101 5
6136 7
167379 9
117148 3
116012 5
122111 7
195015 9
162114 3
58208 5
123021 7
237852 9
120271 3
232903 5
202448 7
186090 9
155039 3
205945 5
198911 7
115051 9
175568 3
6608 5
128080 7
148285 9
18906 3
177678 5
102719 7
54270 9
183178 3
204008 5
121670 7
134123 9
221095 3
84816 5
184623 7
218266 9
184274 3
223024 5
237113 7
41637 9
170531 3
111831 5
200905 7
13051 9
120112 3
106803 5
66186 7
132896 9
27971 3
160454 5
32032 7
121955 9
176226 3
157596 5
203074 7
43924 9
220651 3
222118 5
16111 7
135823 9
123296 3
207657 5
8393 7
164812 9
9046 3
146351 5
206382 7
163788 9
194271 3
114658 5
119376 7
144713 9
72752 3
148639 5
58600 7
205387 9
7178 3
220207 5
20925 7
123614 9
194207 3
107011 5
132183 7
44751 9
144584 3
143877 5
3668 7
50716 9
165561 3
203678 5
81070 7
133670 9
211437 3
131278 5
193342 7
119227 9
70171 3
90593 5
75010 7
221486 9
70629 3
198662 5
11101 7
221922 9
34006 3
117748 5
146753 7
199650 9
89221 3
150886 5
109420 7
226417 9
82622 3
21986 5
97180 7
61321 9
154184 3
175845 5
51273 7
123766 9
124814 3
204978 5
38338 7
232966 9
202583 3
195609 5
145532 7
147651 9
153583 3
223144 5
101608 7
153985 9
186824 3
169854 5
217475 7
53026 9
88736 3
117713 5
35592 7
137486 9
218232 3
189654 5
147956 7
16886 9
181723 3
214676 5
163491 7
70854 9
141883 3
29802 5
206777 7
111944 9
43975 3
231254 5
113293 7
120263 9
27342 3
60739 5
82586 7
131092 9
230281 3
149444 5
107770 7
134901 9
198116 3
152378 5
15497 7
136376 9
17703 3
116307 5
62942 7
239214 9
223134 3
167017 5
180551 7
32988 9
146826 3
42260 5
53954 7
118043 9
124760 3
82057 5
162764 7
85414 9
114937 3
201812 5
183316 7
32607 9
8226 3
137215 5
187259 7
14542 9
105266 3
80351 5
436 7
35705 9
38529 3
222635 5
205791 7
139301 9
68932 3
185443 5
117669 7
117653 9
182210 3
75905 5
150557 7
190276 9
189380 3
50637 5
207483 7
20357 9
219073 3
149702 5
85749 7
87825 9
183680 3
34185 5
97461 7
142185 9
218692 3
230840 5
191957 7
199326 9
23681 3
198307 5
68178 7
44413 9
59435 3
191267 5
118781 7
200187 9
109282 3
229460 5
196424 7
18941 9
61645 3
188480 5
185979 7
41965 9
153497 3
157088 5
171213 7
153884 9
179549 3
62567 5
96150 7
32944 9
73763 3
154715 5
49797 7
24972 9
134456 3
189965 5
218424 7
23719 9
147000 3
225558 5
215905 7
62464 9
72739 3
230458 5
99579 7
9279 9
195832 3
90877 5
18105 7
156655 9
204034 3
161364 5
148456 7
145940 9
69351 3
108713 5
114534 7
4560 9
144879 3
127214 5
12661 7
47079 9
211156 3
135450 5
171643 7
181931 9
125364 3
234641 5
93848 7
53721 9
28663 3
59019 5
32121 7
157724 9
192097 3
13781 5
91216 7
173960 9
52579 3
55229 5
804 7
161938 9
141141 3
72360 5
210058 7
232555 9
107785 3
96298 5
124845 7
199283 9
145079 3
233344 5
114693 7
207742 9
158213 3
70606 5
167333 7
198192 9
131575 3
172279 5
22540 7
23230 9
65961 3
73971 5
200540 7
53864 9
59749 3
173978 5
58574 7
14855 9
46734 3
210832 5
51899 7
106401 9
26822 3
111313 5
223486 7
225643 9
11911 3
136755 5
192977 7
109607 9
176723 3
89058 5
17348 7
94474 9
213454 3
12994 5
221824 7
120108 9
237639 3
93242 5
145599 7
227998 9
166641 3
233 5
144307 7
40875 9
21915 3
122641 5
40971 7
125752 9
38815 3
232820 5
90377 7
166731 9
222191 3
1169 5
80612 7
131081 9
201671 3
101228 5
771 7
199223 9
101306 3
114229 5
96413 7
238462 9
13106 3
170762 5
122566 7
147667 9
83019 3
214689 5
169851 7
40771 9
147669 3
134455 5
35011 7
38646 9
69405 3
54459 5
228172 7
216310 9
3363 3
9345 5
126 7
70540 9
19575 3
143068 5
216570 7
118271 9
123484 3
201892 5
158852 7
76403 9
238841 3
84612 5
238367 7
140528 9
63504 3
123720 5
190030 7
35379 9
144150 3
68378 5
140040 7
17237 9
117661 3
67964 5
63147 7
55237 9
26883 3
208715 5
173010 7
96241 9
1424 3
196468 5
6596 7
100681 9
100561 3
34837 5
143405 7
27519 9
116522 3
27352 5
50903 7
76051 9
238439 3
178336 5
27798 7
215442 9
205331 3
47388 5
92199 7
80135 9
77388 3
52811 5
226384 7
219069 9
195852 3
193038 5
11828 7
219184 9
107211 3
219539 5
237003 7
128301 9
89401 3
207713 5
239047 7
133189 9
109697 3
48696 5
205596 7
29504 9
186904 3
167160 5
197851 7
187150 9
69272 3
162799 5
21247 7
146394 9
160065 3
7588 5
170228 7
149925 9
97800 3
47110 5
37434 7
205418 9
75644 3
228117 5
174504 7
5114 9
88969 3
74435 5
143668 7
47561 9
46608 3
45273 5
171289 7
32674 9
166096 3
119911 5
85073 7
108736 9
223331 3
179462 5
134137 7
117128 9
176510 3
85383 5
224023 7
87428 9
178142 3
174349 5
93712 7
49891 9
87358 3
41378 5
3686 7
73757 9
223437 3
113044 5
212554 7
60043 9
32133 3
68730 5
185280 7
112887 9
125996 3
139 5
142647 7
229235 9
70100 3
72577 5
155356 7
140472 9
112746 3
207765 5
177149 7
214378 9
83715 3
97251 5
131867 7
108874 9
37039 3
131888 5
124438 7
43849 9
135667 3
158731 5
131083 7
104461 9
134517 3
164998 5
12538 7
66462 9
152048 3
226769 5
225606 7
238767 9
68842 3
138675 5
151763 7
30062 9
168936 3
211917 5
56865 7
85559 9
80847 3
28750 5
74816 7
214355 9
230636 3
128557 5
28920 7
173516 9
193984 3
82967 5
123068 7
115400 9
40267 3
172404 5
180918 7
71927 9
132501 3
146364 5
154001 7
2590 9
28308 3
2220 5
172632 7
142137 9
161525 3
131514 5
212865 7
74551 9
47300 3
217288 5
124121 7
233120 9
2564 3
141207 5
85928 7
144263 9
7301 3
101044 5
227290 7
19102 9
223136 3
195684 5
89794 7
97874 9
188625 3
213772 5
143226 7
158130 9
53583 3
27463 5
227960 7
155776 9
89983 3
182700 5
16151 7
214747 9
217726 3
116837 5
15580 7
132559 9
156403 3
213983 5
7843 7
11345 9
116647 3
577 5
167573 7
77013 9
8186 3
192789 5
32758 7
164811 9
88308 3
134538 5
196807 7
233131 9
172225 3
144974 5
108328 7
156627 9
23792 3
225926 5
119374 7
3082 9
83972 3
112613 5
211340 7
1828 9
52494 3
116381 5
132466 7
113043 9
213671 3
70631 5
36315 7
216135 9
195555 3
120956 5
231908 7
177417 9
188917 3
7308 5
226303 7
193000 9
150409 3
177298 5
68193 7
18539 9
19661 3
142612 5
21577 7
151265 9
155774 3
202424 5
212497 7
518 9
88536 3
134912 5
235770 7
45039 9
39762 3
9361 5
25872 7
162154 9
44222 3
96206 5
114768 7
63881 9
62492 3
165878 5
161724 7
104296 9
202768 3
162010 5
158551 7
34893 9
130206 3
116143 5
200437 7
143897 9
208265 3
168293 5
74469 7
163104 9
137786 3
3102 5
194952 7
235737 9
86844 3
169736 5
173389 7
201680 9
186784 3
134812 5
94960 7
17886 9
233624 3
40015 5
210554 7
99137 9
87765 3
159901 5
95192 7
131473 9
186754 3
193182 5
194249 7
203708 9
142920 3
163351 5
105736 7
238688 9
25555 3
46491 5
104678 7
98121 9
92044 3
113491 5
214486 7
180631 9
149991 3
230318 5
141106 7
61014 9
36224 3
119253 5
116607 7
124980 9
227113 3
106279 5
225881 7
15107 9
99830 3
110959 5
37583 7
22989 9
107439 3
148103 5
67575 7
215375 9
61046 3
55412 5
52281 7
193999 9
226056 3
196054 5
10447 7
69150 9
158228 3
190375 5
232842 7
174454 9
58930 3
189146 5
13791 7
206441 9
116707 3
6068 5
154562 7
237118 9
85256 3
15131 5
104567 7
221980 9
52860 3
166992 5
25704 7
31983 9
234985 3
154624 5
36155 7
212409 9
103001 3
16455 5
202506 7
111575 9
171097 3
19881 5
189152 7
3024 9
144664 3
112979 5
207813 7
140574 9
19526 3
144167 5
175238 7
133583 9
78584 3
202144 5
153301 7
169105 9
116081 3
125322 5
122474 7
123785 9
236609 3
155285 5
202885 7
72518 9
20803 3
219402 5
225117 7
95028 9
236357 3
189378 5
193231 7
142230 9
191328 3
198166 5
82706 7
173381 9
179498 3
161040 5
66580 7
177501 9
38553 3
55365 5
192586 7
10309 9
18809 3
189768 5
124389 7
200277 9
224862 3
22095 5
18794 7
52130 9
192816 3
80626 5
172517 7
59545 9
162930 3
202946 5
70578 7
160699 9
223614 3
154341 5
28514 7
156614 9
105024 3
25176 5
32876 7
62391 9
96223 3
22674 5
109717 7
11587 9
205833 3
215243 5
194735 7
175372 9
200513 3
7318 5
234585 7
66983 9
27056 3
119772 5
62120 7
71516 9
217184 3
204 5
227156 7
55384 9
92287 3
19502 5
147431 7
148337 9
223757 3
217168 5
197089 7
145833 9
137681 3
51580 5
221164 7
43948 9
10975 3
93959 5
185206 7
215833 9
117962 3
68455 5
21484 7
143450 9
194853 3
4353 5
46099 7
172621 9
153563 3
113741 5
144392 7
30341 9
30752 3
186015 5
232630 7
199726 9
120692 3
113200 5
58056 7
37813 9
8256 3
119152 5
162695 7
93150 9
180091 3
204825 5
216123 7
219405 9
100529 3
189991 5
191090 7
200392 9
160300 3
222808 5
234448 7
19047 9
46895 3
235772 5
56609 7
48859 9
183618 3
21026 5
79566 7
60763 9
158326 3
7050 5
48667 7
44170 9
231687 3
112469 5
230593 7
38312 9
131576 3
13340 5
136937 7
195357 9
222311 3
125502 5
79108 7
107497 9
111499 3
149683 5
15893 7
54708 9
187152 3
59233 5
38216 7
164948 9
166907 3
167572 5
215144 7
48367 9
142699 3
37041 5
206117 7
185717 9
208186 3
162084 5
83669 7
168464 9
5737 3
105887 5
9414 7
199535 9
221762 3
165173 5
10337 7
140557 9
104790 3
211093 5
121272 7
7787 9
31516 3
199422 5
185718 7
86754 9
189346 3
59548 5
149328 7
83918 9
48202 3
149243 5
137135 7
197988 9
145317 3
214896 5
178404 7
15414 9
54539 3
21056 5
191489 7
56351 9
115573 3
30548 5
206540 7
41451 9
68688 3
148026 5
47120 7
203184 9
177315 3
83317 5
1675 7
227002 9
58440 3
195653 5
46126 7
44242 9
142543 3
171376 5
154878 7
202741 9
89645 3
134457 5
93635 7
449 9
145026 3
46743 5
18484 7
229054 9
18350 3
135320 5
41210 7
230494 9
222996 3
94132 5
65394 7
149245 9
191576 3
195538 5
52269 7
12382 9
171920 3
122113 5
86398 7
59061 9
232777 3
67124 5
52443 7
78632 9
117676 3
72232 5
129957 7
138443 9
39998 3
200991 5
61218 7
95223 9
137574 3
77515 5
193348 7
5421 9
70334 3
8157 5
42328 7
130867 9
224228 3
136760 5
180194 7
132160 9
58372 3
212367 5
86143 7
227355 9
76210 3
104357 5
67913 7
212886 9
71338 3
239348 5
42738 7
158000 9
60343 3
2479 5
221976 7
111791 9
48528 3
224715 5
37120 7
216355 9
32591 3
30386 5
137895 7
169515 9
81882 3
67231 5
148193 7
230017 9
191863 3
132968 5
153552 7
151799 9
214074 3
92188 5
234676 7
151953 9
76534 3
215859 5
144147 7
202294 9
33975 3
142333 5
97689 7
207752 9
205126 3
111381 5
81984 7
112701 9
167307 3
128267 5
38516 7
153358 9
152765 3
136699 5
155253 7
231715 9
180835 3
142288 5
124914 7
5108 9
223458 3
212035 5
38220 7
208170 9
30374 3
22839 5
127496 7
234512 9
3312 3
30231 5
184985 7
202911 9
231452 3
56942 5
120475 7
204706 9
153022 3
166918 5
32220 7
123612 9
127248 3
31422 5
178599 7
86903 9
102582 3
32022 5
45745 7
189359 9
26126 3
86515 5
156738 7
77655 9
34699 3
7163 5
33682 7
55928 9
176358 3
75015 5
207210 7
83399 9
108679 3
236046 5
32623 7
45929 9
97052 3
76512 5
62409 7
181131 9
31452 3
63053 5
200495 7
75985 9
170712 3
25905 5
199034 7
159299 9
7634 3
168755 5
73023 7
65281 9
135535 3
108196 5
158497 7
124703 9
92611 3
70215 5
46200 7
20010 9
189212 3
175839 5
90491 7
185401 9
214065 3
12808 5
106015 7
58358 9
237483 3
236330 5
39260 7
232979 9
123742 3
74614 5
57754 7
85367 9
53174 3
141537 5
113533 7
39126 9
112525 3
207884 5
107203 7
57054 9
25191 3
235250 5
173586 7
50839 9
87197 3
56410 5
51111 7
87308 9
47591 3
113637 5
94311 7
204329 9
74151 3
971 5
67999 7
165825 9
122553 3
174540 5
149591 7
112977 9
61477 3
81548 5
87192 7
85319 9
207301 3
46061 5
62734 7
68765 9
44873 3
170700 5
216876 7
44139 9
186317 3
109496 5
215178 7
162859 9
122581 3
182693 5
142199 7
141591 9
226149 3
37942 5
39572 7
122623 9
135618 3
37811 5
167088 7
234986 9
220462 3
146928 5
8870 7
230589 9
194118 3
68147 5
116794 7
102336 9
127853 3
203958 5
74309 7
108999 9
79395 3
136738 5
111142 7
160042 9
149810 3
234522 5
132042 7
135607 9
4241 3
196144 5
55307 7
126467 9
8592 3
9412 5
32883 7
171395 9
53457 3
228713 5
145262 7
151378 9
18507 3
212435 5
189195 7
87967 9
70985 3
38586 5
218666 7
115662 9
141205 3
64225 5
91416 7
108894 9
176952 3
1430 5
82758 7
28432 9
182832 3
7317 5
50729 7
48424 9
93713 3
219089 5
87959 7
29223 9
106442 3
120352 5
205861 7
22361 9
186165 3
225070 5
138378 7
149138 9
42065 3
194840 5
190802 7
48289 9
161614 3
56919 5
18480 7
132625 9
219265 3
110169 5
226506 7
62314 9
237477 3
110528 5
40554 7
6769 9
168678 3
234891 5
135592 7
183582 9
89586 3
35537 5
182810 7
176353 9
213055 3
239322 5
63386 7
63755 9
128586 3
79967 5
80638 7
129491 9
130892 3
212207 5
38742 7
77309 9
46054 3
227914 5
18831 7
147975 9
210983 3
121659 5
209820 7
188512 9
16029 3
138655 5
158916 7
62331 9
93306 3
198386 5
47003 7
99054 9
175867 3
9929 5
20486 7
19938 9
141370 3
207989 5
52608 7
105035 9
2900 3
193368 5
133052 7
2561 9
148316 3
137407 5
102031 7
85576 9
7872 3
25148 5
99598 7
171967 9
109516 3
32323 5
29681 7
143554 9
46175 3
107172 5
83365 7
73048 9
21183 3
186942 5
55649 7
51397 9
134728 3
10848 5
205396 7
235370 9
28517 3
112670 5
14173 7
134447 9
52605 3
183481 5
56011 7
159130 9
217988 3
77538 5
78030 7
11938 9
38089 3
35048 5
53141 7
98043 9
122535 3
222606 5
217408 7
191647 9
93450 3
224965 5
63326 7
137713 9
217872 3
64985 5
21878 7
20136 9
50866 3
202997 5
188994 7
99041 9
182742 3
98570 5
136938 7
207121 9
72639 3
115060 5
30880 7
236479 9
61300 3
19544 5
22420 7
167182 9
5492 3
8249 5
40832 7
81859 9
225574 3
126197 5
119082 7
185338 9
165488 3
54296 5
67725 7
228418 9
222441 3
79965 5
9882 7
187749 9
237555 3
66506 5
202109 7
228179 9
151129 3
21228 5
150300 7
235882 9
177694 3
215215 5
54078 7
53692 9
146393 3
153901 5
54836 7
115600 9
76574 3
7486 5
109629 7
159190 9
79368 3
141861 5
137180 7
89781 9
172937 3
203173 5
25293 7
196793 9
126353 3
107756 5
135612 7
179745 9
185591 3
61771 5
94890 7
110584 9
78449 3
143128 5
59136 7
180543 9
5215 3
149331 5
110691 7
56098 9
212016 3
58457 5
14970 7
57140 9
115791 3
183441 5
155831 7
78514 9
177682 3
1537 5
49743 7
81156 9
193647 3
225533 5
94075 7
45749 9
63779 3
203714 5
196161 7
168178 9
211946 3
67405 5
76504 7
176565 9
97308 3
19032 5
36244 7
137339 9
34925 3
28459 5
211150 7
160395 9
95959 3
157548 5
78298 7
189933 9
97516 3
159233 5
91346 7
182687 9
180324 3
141368 5
201 7
144032 9
71568 3
194361 5
60117 7
151104 9
188931 3
101406 5
184346 7
17167 9
172068 3
185397 5
116248 7
43138 9
111979 3
73907 5
238325 7
76506 9
222943 3
203035 5
129332 7
165509 9
207806 3
112610 5
86302 7
63201 9
49846 3
142991 5
89070 7
230779 9
170044 3
183154 5
24583 7
190734 9
211449 3
172104 5
172972 7
153862 9
4376 3
16939 5
225758 7
208508 9
220945 3
221051 5
170121 7
39700 9
192934 3
215134 5
73591 7
69739 9
77064 3
79488 5
53434 7
154545 9
216331 3
95999 5
148291 7
11373 9
41481 3
64625 5
190489 7
165559 9
129975 3
118708 5
225172 7
55927 9
14915 3
128818 5
14351 7
122315 9
163123 3
145039 5
116167 7
79323 9
220261 3
16687 5
236272 7
178305 9
46798 3
201656 5
141777 7
26168 9
227057 3
140217 5
5213 7
177855 9
166613 3
137278 5
98313 7
133273 9
96700 3
223900 5
148681 7
11231 9
122682 3
68045 5
184575 7
92209 9
112216 3
222445 5
226362 7
218187 9
133140 3
95130 5
149486 7
109994 9
68341 3
15992 5
197158 7
194111 9
19368 3
3524 5
47414 7
102307 9
188708 3
183727 5
182637 7
143860 9
226498 3
147368 5
181550 7
132295 9
206608 3
21782 5
1712 7
227625 9
93052 3
179072 5
125457 7
87322 9
27278 3
10483 5
93193 7
111271 9
132709 3
196438 5
169751 7
147298 9
237231 3
103638 5
146381 7
216316 9
123136 3
57874 5
210802 7
99556 9
224058 3
191038 5
208413 7
136159 9
238408 3
38284 5
12599 7
82301 9
188518 3
77697 5
82085 7
23905 9
5761 3
103838 5
64125 7
166867 9
128610 3
160480 5
49910 7
221686 9
