148944 4
9742 6
81496 8
216600 10
211466 4
231571 6
185858 8
229468 10
127297 4
77163 6
17918 8
78710 10
185124 4
155998 6
183158 8
31602 10
89684 4
60605 6
235846 8
41730 10
63926 4
98889 6
67642 8
131907 10
157020 4
49592 6
63293 8
58872 10
228560 4
38822 6
151023 8
202593 10
77260 4
107971 6
102289 8
216076 10
24195 4
33920 6
126417 8
116537 10
16506 4
59344 6
39463 8
180331 10
125726 4
178340 6
113270 8
37027 10
2838 4
218250 6
34840 8
169422 10
237103 4
6110 6
224311 8
5192 10
98738 4
22246 6
215606 8
194768 10
224762 4
26293 6
76608 8
20449 10
158658 4
180778 6
210723 8
141848 10
221088 4
214779 6
34968 8
58014 10
71688 4
193563 6
143945 8
6584 10
172587 4
34257 6
236855 8
177115 10
178946 4
7766 6
147212 8
204652 10
141764 4
182465 6
47365 8
9274 10
214987 4
151668 6
157672 8
69003 10
190003 4
44362 6
126026 8
34707 10
102390 4
73880 6
143495 8
11696 10
232874 4
179708 6
98986 8
66315 10
174183 4
127025 6
42049 8
85351 10
126092 4
127988 6
55398 8
200501 10
58797 4
24240 6
109008 8
74185 10
120687 4
137922 6
206210 8
54944 10
55298 4
161093 6
3583 8
208619 10
171933 4
8389 6
125158 8
232085 10
49864 4
514 6
30884 8
95819 10
29903 4
89633 6
197799 8
222508 10
93511 4
36639 6
162252 8
3260 10
39097 4
32046 6
229842 8
82388 10
195018 4
161350 6
5947 8
69970 10
167605 4
149147 6
239345 8
223304 10
196257 4
33637 6
231579 8
151311 10
187131 4
63370 6
142119 8
68917 10
215699 4
144955 6
91267 8
213583 10
36056 4
222661 6
227130 8
162087 10
198130 4
79442 6
214697 8
134245 10
190669 4
22175 6
84720 8
141131 10
19772 4
203593 6
9245 8
215935 10
228209 4
143930 6
26522 8
29587 10
175981 4
238751 6
22699 8
168026 10
148482 4
197082 6
180667 8
218204 10
182649 4
60024 6
142579 8
228889 10
226500 4
122787 6
145102 8
159160 10
117918 4
214466 6
67226 8
222520 10
48340 4
170345 6
90724 8
79522 10
84402 4
125512 6
208087 8
63565 10
164381 4
210006 6
221403 8
158762 10
136204 4
102221 6
56091 8
106135 10
147430 4
215509 6
116050 8
181167 10
15708 4
153541 6
76431 8
136984 10
211991 4
142272 6
125972 8
67357 10
2827 4
92830 6
112413 8
217784 10
235241 4
83534 6
85951 8
34248 10
83692 4
92477 6
33136 8
51321 10
58051 4
169072 6
198497 8
162027 10
185446 4
172592 6
34521 8
122357 10
149465 4
45315 6
188300 8
89341 10
101022 4
239173 6
10357 8
76027 10
199697 4
149271 6
209825 8
226467 10
197386 4
80105 6
12932 8
177063 10
41132 4
214522 6
147127 8
118704 10
7197 4
189131 6
80884 8
89268 10
20998 4
124864 6
76740 8
162514 10
121967 4
75041 6
40282 8
150961 10
42508 4
21454 6
73878 8
119757 10
22112 4
96580 6
146103 8
88478 10
190684 4
220557 6
177290 8
103793 10
110995 4
64591 6
179220 8
174170 10
211754 4
64748 6
236352 8
182854 10
40750 4
62115 6
45910 8
79539 10
224937 4
79227 6
30229 8
52569 10
103964 4
142795 6
210280 8
161866 10
166157 4
35487 6
96471 8
130981 10
90786 4
222909 6
151852 8
159356 10
36518 4
97663 6
211682 8
3133 10
227668 4
189996 6
45615 8
108089 10
161008 4
189037 6
41573 8
198104 10
200636 4
148404 6
46578 8
179942 10
119219 4
48539 6
182686 8
35645 10
211635 4
234331 6
97151 8
39151 10
142267 4
162195 6
10167 8
56983 10
117583 4
211779 6
5498 8
133606 10
153960 4
232072 6
185961 8
143843 10
185852 4
194990 6
76082 8
156983 10
206065 4
225727 6
100557 8
69696 10
16468 4
57771 6
196698 8
220405 10
180671 4
104305 6
88952 8
219291 10
34585 4
19170 6
186095 8
152625 10
214842 4
70318 6
221457 8
92181 10
154446 4
177318 6
185342 8
81719 10
167981 4
37919 6
158235 8
13087 10
213982 4
91351 6
75680 8
216437 10
5700 4
67023 6
44286 8
175543 10
99238 4
28368 6
69905 8
113175 10
32097 4
208769 6
36546 8
155720 10
182279 4
175374 6
91487 8
139368 10
132972 4
220102 6
219034 8
127123 10
64525 4
26388 6
119587 8
182822 10
127945 4
51263 6
215868 8
219028 10
113224 4
218420 6
163969 8
134634 10
4295 4
32238 6
47169 8
180507 10
14867 4
122626 6
49862 8
103145 10
50419 4
4860 6
107106 8
129705 10
105812 4
137682 6
237358 8
68826 10
204965 4
2972 6
52876 8
114263 10
67845 4
49620 6
138538 8
98428 10
152937 4
152837 6
68089 8
120628 10
117991 4
130588 6
68197 8
175948 10
128523 4
123937 6
103576 8
96010 10
83435 4
219039 6
127175 8
231663 10
183278 4
31242 6
193715 8
71899 10
200824 4
68524 6
113723 8
62361 10
138968 4
182897 6
143434 8
27485 10
46986 4
141373 6
45121 8
36819 10
130327 4
54904 6
120135 8
122247 10
162941 4
125765 6
33217 8
100460 10
213246 4
56792 6
234953 8
149937 10
210908 4
79207 6
28405 8
62370 10
159075 4
209171 6
200967 8
78765 10
16814 4
143133 6
70804 8
144633 10
90846 4
56255 6
74008 8
215508 10
147218 4
91293 6
30538 8
8098 10
160099 4
101741 6
69251 8
106212 10
199533 4
136209 6
178085 8
169391 10
157703 4
101603 6
122992 8
131320 10
160158 4
27187 6
121418 8
205524 10
182954 4
92282 6
182494 8
120436 10
120989 4
216190 6
23242 8
169992 10
125490 4
36336 6
48829 8
56402 10
29418 4
58967 6
210709 8
95937 10
97939 4
187861 6
35483 8
163113 10
234466 4
172768 6
105257 8
148254 10
51427 4
20573 6
197284 8
236332 10
227736 4
131878 6
96318 8
221822 10
37320 4
206324 6
19489 8
318 10
111085 4
190318 6
29308 8
137322 10
95092 4
9712 6
67445 8
145523 10
68671 4
55569 6
74335 8
176140 10
186813 4
102061 6
116914 8
119483 10
102099 4
49278 6
212392 8
39314 10
68123 4
90261 6
216792 8
21144 10
140015 4
63778 6
35457 8
81160 10
119939 4
55482 6
169739 8
153706 10
7388 4
23057 6
74815 8
204499 10
118923 4
51760 6
170496 8
212598 10
95958 4
179147 6
222274 8
117474 10
26947 4
101572 6
119214 8
117938 10
62007 4
49507 6
174435 8
53201 10
223237 4
233970 6
64575 8
101597 10
170684 4
235031 6
209955 8
236568 10
192388 4
198600 6
179684 8
32638 10
3987 4
164269 6
77800 8
177774 10
174450 4
48537 6
95927 8
150224 10
209755 4
20024 6
110197 8
239128 10
92772 4
181235 6
10050 8
5072 10
23693 4
99587 6
144968 8
164397 10
18597 4
150710 6
30823 8
138420 10
187050 4
64064 6
90005 8
27613 10
138431 4
3750 6
67224 8
126536 10
3939 4
49311 6
81043 8
158416 10
96800 4
202122 6
203515 8
232738 10
61087 4
142018 6
105330 8
185110 10
83265 4
66574 6
226090 8
83354 10
21897 4
188530 6
115883 8
192276 10
213640 4
156675 6
20566 8
156909 10
91596 4
213503 6
133216 8
90178 10
94935 4
148436 6
99500 8
166006 10
101598 4
87923 6
211328 8
131050 10
103914 4
192705 6
230405 8
231275 10
2050 4
181176 6
85461 8
234295 10
68383 4
197143 6
148567 8
107291 10
88050 4
31137 6
38680 8
208054 10
210402 4
236302 6
227164 8
215029 10
74000 4
235930 6
115365 8
196297 10
118898 4
208878 6
13637 8
6156 10
177079 4
88609 6
56511 8
187507 10
84905 4
140055 6
2712 8
108345 10
165391 4
174369 6
65689 8
67543 10
155823 4
43357 6
115057 8
93218 10
82257 4
202830 6
106874 8
65326 10
115035 4
137897 6
177985 8
158572 10
200808 4
16901 6
856 8
6021 10
189242 4
123875 6
32669 8
132791 10
63752 4
81386 6
30579 8
213388 10
13678 4
157310 6
78066 8
111747 10
238274 4
139267 6
115367 8
61859 10
52093 4
36182 6
83049 8
185089 10
14647 4
231047 6
199018 8
65678 10
185829 4
205064 6
25611 8
182058 10
82303 4
165982 6
101947 8
44932 10
23713 4
146406 6
98410 8
43742 10
103072 4
228605 6
151626 8
190002 10
202397 4
28214 6
192651 8
125570 10
225464 4
111032 6
192402 8
223166 10
50167 4
122066 6
179780 8
68224 10
139729 4
142663 6
225252 8
52566 10
73162 4
98228 6
121674 8
180469 10
136954 4
27038 6
181111 8
197295 10
17242 4
217317 6
141282 8
135327 10
71889 4
162034 6
4639 8
234138 10
209541 4
118698 6
58573 8
90649 10
4204 4
75694 6
42382 8
140378 10
132274 4
139266 6
197431 8
132801 10
49883 4
63522 6
50494 8
1207 10
80178 4
216408 6
183577 8
184710 10
129368 4
74159 6
136291 8
8077 10
27670 4
157599 6
88087 8
173281 10
170280 4
218856 6
207102 8
221708 10
237293 4
175331 6
101277 8
111548 10
105709 4
167019 6
83650 8
216498 10
74932 4
110929 6
102463 8
136352 10
1586 4
64389 6
146028 8
53643 10
14267 4
62881 6
62500 8
83362 10
225143 4
174631 6
134647 8
12760 10
117406 4
41121 6
163706 8
158200 10
238189 4
200499 6
63334 8
22723 10
204356 4
182209 6
129659 8
58778 10
116177 4
196197 6
142893 8
16241 10
104857 4
141682 6
157580 8
57411 10
238590 4
1481 6
36276 8
65534 10
127978 4
112975 6
4707 8
85017 10
90100 4
38351 6
202161 8
27439 10
134530 4
107943 6
198563 8
56041 10
196439 4
13500 6
130820 8
180720 10
132995 4
205927 6
166313 8
209177 10
171511 4
219437 6
24629 8
190462 10
184633 4
121900 6
176806 8
74289 10
173015 4
237325 6
224842 8
175830 10
182796 4
146141 6
39451 8
137849 10
54448 4
191295 6
49400 8
97073 10
64669 4
110451 6
219387 8
84629 10
15186 4
173669 6
107566 8
15876 10
179411 4
150977 6
140329 8
63859 10
210741 4
220403 6
85148 8
90162 10
148634 4
230810 6
212250 8
142638 10
96022 4
147656 6
119413 8
10400 10
95447 4
4427 6
11398 8
209318 10
36274 4
183586 6
66209 8
212112 10
116765 4
162457 6
164271 8
102710 10
185868 4
53974 6
169191 8
19999 10
150249 4
144846 6
168366 8
36708 10
95563 4
47408 6
216389 8
80362 10
52923 4
22985 6
62011 8
195922 10
17165 4
234137 6
154923 8
8758 10
181993 4
88586 6
1783 8
174729 10
48387 4
161021 6
74447 8
177541 10
62481 4
116563 6
109167 8
143151 10
217050 4
29961 6
90755 8
66207 10
18225 4
67782 6
24326 8
33426 10
92033 4
101468 6
35094 8
194286 10
179850 4
201889 6
62955 8
18051 10
215830 4
93229 6
109150 8
148621 10
103368 4
38903 6
48957 8
43996 10
122953 4
199125 6
41145 8
179692 10
47083 4
212514 6
226475 8
49510 10
116055 4
113740 6
212398 8
95960 10
173909 4
153525 6
49603 8
72581 10
191527 4
76927 6
55224 8
16400 10
73715 4
12843 6
238606 8
154588 10
115483 4
206995 6
187895 8
5569 10
93127 4
39176 6
221372 8
172327 10
162178 4
57164 6
93265 8
142537 10
71884 4
203424 6
177104 8
93506 10
125690 4
126549 6
68626 8
33 10
71866 4
234264 6
195069 8
120267 10
51305 4
55278 6
49719 8
124065 10
169989 4
110447 6
6799 8
231946 10
84505 4
81479 6
161335 8
42032 10
74324 4
204151 6
132714 8
51033 10
205767 4
27059 6
17099 8
130884 10
117488 4
67210 6
186617 8
35927 10
145287 4
8089 6
14174 8
50697 10
151795 4
15910 6
185282 8
115978 10
187979 4
141749 6
171889 8
156885 10
208592 4
220235 6
194042 8
123981 10
40908 4
219895 6
117964 8
197539 10
226082 4
124257 6
166513 8
89787 10
128487 4
31307 6
235227 8
167866 10
136864 4
200958 6
108391 8
183801 10
37738 4
65266 6
45754 8
56103 10
216885 4
238718 6
43695 8
89513 10
50918 4
101199 6
97994 8
117331 10
16757 4
165600 6
40194 8
201964 10
236949 4
231412 6
188069 8
25878 10
162441 4
130923 6
87945 8
52950 10
28515 4
109436 6
40599 8
37652 10
129882 4
26063 6
9749 8
132707 10
13822 4
107237 6
121300 8
192592 10
28539 4
92548 6
31222 8
28747 10
65529 4
135468 6
5385 8
227897 10
72279 4
159410 6
171279 8
158668 10
83567 4
17444 6
14579 8
199261 10
89422 4
225675 6
65635 8
222761 10
159470 4
205001 6
158201 8
108543 10
222823 4
212551 6
112325 8
215003 10
208080 4
11223 6
197099 8
26354 10
171244 4
187121 6
233440 8
186082 10
192004 4
53597 6
75617 8
55580 10
92927 4
200142 6
228981 8
102280 10
180157 4
39952 6
163416 8
8755 10
18795 4
200507 6
120011 8
136445 10
6314 4
20093 6
27488 8
236730 10
129599 4
56497 6
75017 8
199067 10
104726 4
6758 6
117037 8
91954 10
219568 4
229827 6
165005 8
155580 10
206817 4
63131 6
163029 8
174491 10
174917 4
184471 6
168163 8
235144 10
27323 4
16013 6
129989 8
185013 10
77850 4
147843 6
129733 8
65731 10
22715 4
180328 6
37787 8
104772 10
229161 4
76708 6
183401 8
123419 10
15997 4
204109 6
238881 8
168515 10
161002 4
4317 6
113751 8
96744 10
154447 4
136385 6
204487 8
100110 10
220653 4
152869 6
33744 8
101583 10
183227 4
235317 6
24101 8
118270 10
212754 4
23378 6
189737 8
214853 10
8981 4
219614 6
36157 8
164302 10
139796 4
150960 6
238379 8
215074 10
180882 4
153841 6
67355 8
29109 10
111411 4
123475 6
174953 8
198629 10
226585 4
194830 6
13313 8
66132 10
120580 4
121240 6
2101 8
237534 10
93583 4
171942 6
135173 8
206907 10
79750 4
223957 6
199927 8
104616 10
72341 4
180522 6
106777 8
19216 10
76587 4
204307 6
50529 8
78791 10
40219 4
23428 6
65328 8
222096 10
41778 4
21655 6
238466 8
13984 10
41046 4
123753 6
161905 8
174168 10
119210 4
104044 6
47599 8
76741 10
121439 4
52341 6
25909 8
231782 10
131466 4
195426 6
156067 8
194982 10
238266 4
211619 6
147971 8
142453 10
38492 4
123577 6
167978 8
125670 10
203044 4
55250 6
17037 8
120655 10
66916 4
16875 6
220707 8
133849 10
147539 4
83986 6
47601 8
30700 10
66556 4
76550 6
199768 8
101521 10
231357 4
127447 6
156641 8
13977 10
106128 4
122943 6
188655 8
59368 10
216868 4
106635 6
52100 8
69756 10
218167 4
236335 6
193549 8
146308 10
156981 4
113578 6
145127 8
21713 10
124345 4
62295 6
8337 8
224699 10
237375 4
118138 6
67973 8
149266 10
36630 4
128122 6
30671 8
94924 10
82576 4
97708 6
234769 8
35026 10
219527 4
83359 6
70915 8
170263 10
65835 4
182024 6
229915 8
194818 10
51303 4
214288 6
176088 8
41027 10
18245 4
181426 6
116019 8
195934 10
179822 4
189914 6
121030 8
134219 10
39559 4
71102 6
92353 8
101560 10
66142 4
104170 6
67229 8
16858 10
41822 4
115755 6
194462 8
52675 10
127056 4
78535 6
144231 8
17948 10
68121 4
104272 6
212434 8
238391 10
186822 4
4606 6
100493 8
138479 10
136658 4
49291 6
93021 8
63712 10
188736 4
7101 6
92527 8
9506 10
206545 4
13111 6
216047 8
49032 10
180332 4
201697 6
38619 8
208224 10
120256 4
99280 6
185781 8
50370 10
55355 4
186500 6
8622 8
163732 10
67639 4
159445 6
1897 8
2776 10
128850 4
228876 6
136050 8
203592 10
1468 4
144654 6
50750 8
70080 10
227805 4
229512 6
190398 8
108510 10
151353 4
228896 6
29267 8
36764 10
207433 4
85810 6
207403 8
18561 10
165190 4
225101 6
77186 8
12123 10
57557 4
207296 6
5190 8
222728 10
86457 4
201780 6
234726 8
23356 10
36686 4
77002 6
159438 8
215670 10
198719 4
200544 6
219461 8
216921 10
227070 4
8253 6
201751 8
238941 10
151120 4
215785 6
155412 8
236904 10
14645 4
193443 6
233765 8
222330 10
91926 4
62668 6
77678 8
232841 10
103154 4
11056 6
109184 8
184585 10
205515 4
209655 6
172220 8
62127 10
80218 4
175053 6
82604 8
103938 10
233486 4
44201 6
122738 8
123784 10
65136 4
44657 6
216178 8
61510 10
184320 4
68990 6
28988 8
163559 10
92146 4
148896 6
34216 8
137174 10
109762 4
111740 6
164533 8
23238 10
138262 4
101004 6
75699 8
102927 10
126382 4
189950 6
237843 8
106499 10
3346 4
45374 6
53841 8
104385 10
189176 4
161280 6
232775 8
213767 10
200810 4
133790 6
47856 8
150149 10
11825 4
48258 6
120495 8
187249 10
99561 4
7036 6
192475 8
205326 10
233643 4
152726 6
143525 8
181878 10
133476 4
124602 6
110603 8
162709 10
192175 4
6627 6
185117 8
62788 10
37697 4
103584 6
124560 8
188244 10
97990 4
19791 6
84907 8
28679 10
140190 4
149688 6
86018 8
67615 10
80205 4
102092 6
55531 8
93717 10
204427 4
174520 6
229024 8
117723 10
229884 4
37350 6
96467 8
9356 10
28565 4
192884 6
151060 8
64163 10
19071 4
69421 6
177 8
204211 10
193352 4
75942 6
227876 8
180423 10
112581 4
82087 6
217545 8
77530 10
216157 4
34320 6
226419 8
50486 10
119736 4
164722 6
27335 8
40311 10
61029 4
141556 6
54884 8
181650 10
139242 4
185158 6
238956 8
90045 10
68725 4
224006 6
197919 8
236632 10
61782 4
77149 6
63845 8
120381 10
80276 4
227154 6
151724 8
58728 10
213881 4
213213 6
24487 8
20891 10
101606 4
113385 6
220149 8
69307 10
96107 4
212432 6
187616 8
92701 10
131096 4
56229 6
184122 8
66464 10
201786 4
209673 6
46784 8
184791 10
108461 4
61001 6
53892 8
28267 10
119434 4
101030 6
200307 8
119380 10
181014 4
185656 6
18336 8
175306 10
168370 4
162369 6
185196 8
177935 10
129717 4
3909 6
201833 8
231145 10
64244 4
146311 6
192357 8
220733 10
187902 4
134761 6
104140 8
166826 10
199659 4
141012 6
51390 8
155283 10
69543 4
230574 6
107027 8
204934 10
33809 4
167055 6
110246 8
223768 10
76573 4
29427 6
55390 8
206378 10
61765 4
68948 6
56552 8
220361 10
33512 4
13030 6
135959 8
75732 10
1771 4
150641 6
79063 8
230556 10
118900 4
221353 6
46796 8
228669 10
177869 4
100981 6
18575 8
53634 10
53598 4
69290 6
201368 8
190926 10
115363 4
29366 6
98669 8
35466 10
10716 4
110333 6
163603 8
166950 10
99466 4
144488 6
116413 8
6751 10
23864 4
125000 6
120620 8
18832 10
121459 4
51168 6
172075 8
58755 10
220720 4
115679 6
138225 8
139845 10
76871 4
99730 6
182956 8
38116 10
139002 4
175016 6
9462 8
57666 10
13315 4
64661 6
40999 8
56994 10
48501 4
148793 6
142971 8
59591 10
226150 4
186432 6
141237 8
138051 10
173906 4
191307 6
185562 8
41913 10
153769 4
9753 6
46000 8
183067 10
21135 4
30289 6
67029 8
221916 10
222014 4
211124 6
154663 8
215880 10
207754 4
165166 6
229422 8
183034 10
186941 4
28898 6
78150 8
210264 10
100391 4
32776 6
37664 8
227954 10
100131 4
140213 6
86261 8
175987 10
126615 4
194135 6
51534 8
42467 10
136105 4
185455 6
46605 8
214385 10
195838 4
22720 6
137418 8
109271 10
19666 4
167194 6
16116 8
148571 10
126731 4
24640 6
125822 8
122108 10
124101 4
20832 6
176174 8
149123 10
8724 4
130745 6
190054 8
18003 10
184680 4
79785 6
81019 8
133740 10
216056 4
157406 6
233097 8
199766 10
216024 4
129742 6
56750 8
1966 10
184842 4
179587 6
127568 8
159144 10
175840 4
23423 6
94537 8
136563 10
94560 4
37618 6
182872 8
46791 10
135961 4
147765 6
110972 8
136457 10
209663 4
236323 6
98048 8
78283 10
28903 4
200410 6
49011 8
45572 10
9049 4
152314 6
72504 8
97428 10
159921 4
47195 6
145031 8
8090 10
227600 4
217967 6
180013 8
124278 10
113986 4
97803 6
83192 8
82578 10
14892 4
39220 6
208538 8
31713 10
93504 4
223117 6
202838 8
16507 10
11754 4
25096 6
76213 8
139713 10
238691 4
80531 6
128631 8
73205 10
199000 4
212810 6
104604 8
80200 10
142771 4
235521 6
16048 8
130619 10
13708 4
56797 6
71470 8
204015 10
177087 4
226449 6
80857 8
41552 10
52778 4
100655 6
177308 8
198596 10
94334 4
104025 6
11986 8
182945 10
176987 4
36302 6
40776 8
210379 10
216640 4
49654 6
126064 8
70774 10
74070 4
158701 6
103740 8
40546 10
2534 4
110612 6
16002 8
216468 10
39061 4
58458 6
173751 8
173860 10
57039 4
158750 6
103645 8
116649 10
54094 4
43661 6
192314 8
15437 10
70689 4
186598 6
150513 8
136967 10
187540 4
143921 6
166866 8
234673 10
86402 4
40398 6
216187 8
92196 10
201219 4
64068 6
41245 8
226086 10
4166 4
40140 6
57329 8
236953 10
191357 4
192065 6
83355 8
17829 10
172441 4
82289 6
183266 8
128989 10
122933 4
112444 6
15778 8
201678 10
81047 4
146969 6
128292 8
219413 10
20013 4
118740 6
75598 8
176529 10
62043 4
75179 6
145887 8
100215 10
18977 4
87082 6
72335 8
35183 10
116606 4
124305 6
217755 8
226574 10
5337 4
80940 6
200215 8
197384 10
211907 4
134574 6
26889 8
199073 10
186864 4
186637 6
8449 8
10856 10
140104 4
231518 6
38413 8
116290 10
66439 4
187381 6
141185 8
184586 10
231215 4
40097 6
45805 8
201200 10
98193 4
101941 6
6266 8
144136 10
142909 4
212355 6
222086 8
195125 10
151210 4
134326 6
50797 8
199771 10
73270 4
162576 6
139073 8
101232 10
21894 4
170086 6
178031 8
235191 10
197374 4
68947 6
139159 8
183205 10
30965 4
15748 6
18421 8
39549 10
222899 4
211776 6
92784 8
211574 10
193969 4
172665 6
114719 8
104152 10
48345 4
218787 6
222195 8
234717 10
132740 4
95714 6
101127 8
115105 10
201863 4
13752 6
220119 8
140159 10
225239 4
60197 6
194040 8
218392 10
232913 4
222476 6
130764 8
17671 10
171676 4
96595 6
224493 8
59209 10
222732 4
157727 6
65791 8
105727 10
218668 4
214492 6
106653 8
179660 10
159312 4
132403 6
214895 8
122013 10
192121 4
196601 6
143819 8
148068 10
98212 4
4856 6
105171 8
66875 10
150008 4
117909 6
66277 8
74152 10
64991 4
85642 6
2699 8
138368 10
188998 4
52842 6
63248 8
21269 10
81551 4
207261 6
56881 8
67 10
781 4
219507 6
132935 8
123135 10
136519 4
53163 6
128229 8
35071 10
192386 4
33095 6
231332 8
59690 10
113521 4
239411 6
135231 8
59683 10
203078 4
66095 6
200890 8
106958 10
40424 4
177430 6
127619 8
59065 10
23204 4
10571 6
124490 8
182672 10
140041 4
78678 6
200768 8
132212 10
114748 4
195888 6
11468 8
178006 10
72594 4
109546 6
207332 8
152499 10
139069 4
86500 6
215415 8
27372 10
195057 4
186566 6
112696 8
100636 10
170536 4
201573 6
30980 8
18112 10
152335 4
162500 6
48691 8
224654 10
198688 4
133639 6
224511 8
53455 10
34946 4
2924 6
226071 8
184630 10
219994 4
169673 6
237257 8
175742 10
113157 4
166573 6
73441 8
186870 10
83089 4
215661 6
55338 8
54561 10
140048 4
14933 6
43615 8
28415 10
69226 4
33435 6
223431 8
77743 10
194623 4
97490 6
132986 8
14314 10
172270 4
212504 6
87122 8
120371 10
94329 4
152692 6
105616 8
20737 10
151241 4
23754 6
156187 8
29171 10
62874 4
125071 6
9647 8
62263 10
110383 4
25221 6
153372 8
6665 10
208977 4
217366 6
117724 8
21814 10
155277 4
155566 6
27045 8
184503 10
84262 4
8977 6
79638 8
47656 10
123819 4
24900 6
238942 8
69868 10
17479 4
216470 6
198262 8
123728 10
194334 4
208426 6
208609 8
24863 10
161206 4
7255 6
196425 8
213805 10
132844 4
213620 6
6752 8
23561 10
227035 4
45283 6
45285 8
17198 10
186858 4
126305 6
118081 8
181619 10
87016 4
155976 6
236244 8
159563 10
4402 4
185263 6
109204 8
179753 10
149734 4
68729 6
210585 8
60555 10
175021 4
141616 6
133206 8
62226 10
106265 4
95233 6
77430 8
198920 10
200839 4
88162 6
203573 8
108251 10
41507 4
144962 6
202698 8
238045 10
114437 4
57299 6
65960 8
167124 10
91463 4
52542 6
206585 8
49115 10
143385 4
129674 6
193407 8
44835 10
71195 4
127710 6
191363 8
189803 10
19774 4
186982 6
15954 8
27532 10
108057 4
187566 6
124016 8
161929 10
217006 4
229446 6
126591 8
115274 10
41612 4
30791 6
68613 8
80812 10
102430 4
41275 6
135384 8
102067 10
46399 4
128689 6
233215 8
221940 10
68475 4
180380 6
153061 8
187807 10
230757 4
130966 6
62806 8
103577 10
11261 4
134183 6
208697 8
67740 10
191317 4
154346 6
235616 8
35817 10
162519 4
85373 6
30496 8
184009 10
57382 4
121051 6
115740 8
56603 10
190006 4
61683 6
207144 8
110665 10
198008 4
221512 6
191673 8
55767 10
178459 4
41462 6
190836 8
189128 10
169002 4
60362 6
237288 8
139885 10
13023 4
37795 6
101554 8
109387 10
103216 4
160910 6
207000 8
63225 10
31657 4
81473 6
61985 8
218505 10
1664 4
88201 6
74036 8
236998 10
141198 4
3353 6
121671 8
230086 10
171912 4
238732 6
63984 8
9990 10
190048 4
84782 6
182073 8
207030 10
177507 4
162692 6
236696 8
32649 10
69164 4
162148 6
60904 8
183659 10
218030 4
90311 6
129441 8
72727 10
207064 4
47416 6
9129 8
218321 10
143831 4
143462 6
208753 8
15692 10
117958 4
204598 6
172686 8
6749 10
72966 4
164025 6
96090 8
163846 10
220351 4
29132 6
404 8
201873 10
65917 4
192916 6
197150 8
172010 10
61244 4
182131 6
40017 8
75638 10
183407 4
55080 6
108585 8
199773 10
223076 4
146138 6
90403 8
186099 10
34957 4
128076 6
93787 8
186961 10
19267 4
90201 6
213102 8
190098 10
68973 4
227640 6
162421 8
223962 10
146952 4
185054 6
43993 8
35394 10
150544 4
164264 6
20053 8
211769 10
190642 4
4396 6
229620 8
95918 10
196685 4
220559 6
34705 8
85963 10
218949 4
187900 6
149242 8
50768 10
229267 4
111825 6
90910 8
51087 10
201717 4
90417 6
8793 8
109471 10
16113 4
114931 6
66010 8
148701 10
210966 4
48061 6
116782 8
30118 10
37425 4
216420 6
151803 8
197603 10
193127 4
125871 6
108337 8
110752 10
187105 4
68129 6
188365 8
100573 10
195148 4
165499 6
43393 8
219326 10
194164 4
239026 6
121668 8
116291 10
235720 4
12775 6
74881 8
56240 10
30626 4
82215 6
121100 8
660 10
166597 4
84737 6
43576 8
230671 10
81684 4
197767 6
85744 8
130942 10
58525 4
78475 6
196444 8
59549 10
94782 4
36978 6
4238 8
115004 10
167500 4
133553 6
110505 8
18229 10
19031 4
21981 6
155296 8
79194 10
36832 4
119972 6
13753 8
168865 10
158923 4
170192 6
213240 8
16797 10
142241 4
138808 6
124532 8
206306 10
205830 4
107455 6
207870 8
81426 10
237692 4
34550 6
13821 8
167355 10
125732 4
209877 6
228967 8
66100 10
221502 4
225953 6
39844 8
153096 10
181413 4
181432 6
189116 8
188522 10
238133 4
152013 6
73658 8
149551 10
192401 4
47576 6
227365 8
210936 10
171696 4
104435 6
115897 8
177088 10
172289 4
134727 6
58118 8
103847 10
177022 4
41423 6
9630 8
114464 10
8989 4
186921 6
113105 8
145416 10
176378 4
129046 6
40207 8
163115 10
126445 4
150375 6
43710 8
4051 10
157735 4
111513 6
47907 8
76776 10
76979 4
131655 6
145280 8
166022 10
22882 4
17312 6
174418 8
183495 10
146422 4
56417 6
198948 8
19704 10
80903 4
85024 6
163422 8
204600 10
221664 4
151338 6
129822 8
71118 10
23894 4
44930 6
121925 8
146252 10
64274 4
222254 6
221877 8
65213 10
50174 4
52011 6
32504 8
42185 10
80139 4
101202 6
28516 8
175083 10
215226 4
21750 6
12705 8
82334 10
237885 4
52057 6
24998 8
126403 10
42095 4
211288 6
222537 8
49617 10
28170 4
145180 6
138382 8
32363 10
31279 4
23179 6
213658 8
87610 10
187810 4
187411 6
52780 8
112923 10
190872 4
175748 6
151905 8
167387 10
171971 4
234127 6
65274 8
47119 10
92555 4
77020 6
139361 8
138337 10
18414 4
239174 6
163168 8
54439 10
159841 4
41712 6
80741 8
117304 10
7728 4
210183 6
154005 8
92175 10
107901 4
67685 6
75846 8
110498 10
172992 4
103448 6
100383 8
6142 10
70279 4
50944 6
128449 8
121273 10
174708 4
21103 6
190697 8
109002 10
236948 4
57678 6
154679 8
103931 10
54437 4
168554 6
59977 8
104718 10
210596 4
42866 6
19801 8
192576 10
218350 4
10083 6
95097 8
179813 10
52241 4
98701 6
131443 8
55082 10
113340 4
131732 6
169204 8
177310 10
29375 4
67091 6
99603 8
177010 10
22460 4
128351 6
71973 8
149417 10
126584 4
56299 6
209471 8
116374 10
39365 4
163514 6
146690 8
194371 10
28910 4
13122 6
169016 8
107556 10
126073 4
61092 6
75909 8
97093 10
145724 4
159900 6
100489 8
2734 10
200287 4
11392 6
149696 8
236921 10
169101 4
159740 6
184872 8
209312 10
202480 4
206809 6
183765 8
62698 10
72675 4
196051 6
130274 8
226734 10
230110 4
4235 6
69550 8
62759 10
215790 4
34339 6
83569 8
20935 10
63227 4
214424 6
173704 8
161733 10
97406 4
69475 6
144402 8
184634 10
106244 4
210830 6
3040 8
117558 10
210239 4
132397 6
51166 8
21539 10
142464 4
48892 6
177754 8
234821 10
60372 4
220324 6
38551 8
89906 10
71041 4
102640 6
172863 8
122645 10
123527 4
144283 6
43358 8
121678 10
148346 4
50917 6
165207 8
7681 10
236512 4
169560 6
66167 8
92545 10
200021 4
91069 6
182218 8
204124 10
67894 4
16348 6
51421 8
163775 10
64269 4
224359 6
69358 8
160483 10
129009 4
94103 6
204833 8
22959 10
26254 4
199997 6
165538 8
195501 10
143822 4
106043 6
145677 8
39104 10
22106 4
12193 6
99780 8
60419 10
104943 4
172472 6
64983 8
39051 10
166148 4
191047 6
76220 8
17702 10
207911 4
194041 6
220316 8
201655 10
36347 4
10457 6
207083 8
115444 10
173100 4
18038 6
173500 8
160046 10
116086 4
183875 6
163243 8
189582 10
99305 4
142867 6
208584 8
10369 10
31036 4
5315 6
187942 8
126306 10
63960 4
32060 6
167381 8
137788 10
88462 4
160890 6
99062 8
123295 10
18926 4
55236 6
204715 8
190310 10
37465 4
237715 6
32877 8
182928 10
215549 4
233750 6
80058 8
57422 10
37513 4
129209 6
113240 8
136820 10
78886 4
92244 6
198878 8
193973 10
208390 4
207276 6
148921 8
183919 10
87861 4
131695 6
205162 8
208936 10
135003 4
66357 6
90446 8
119759 10
226884 4
28464 6
151545 8
181861 10
230159 4
115772 6
25414 8
182360 10
108577 4
104543 6
82553 8
40158 10
10128 4
162193 6
85423 8
172262 10
68157 4
157317 6
37823 8
108557 10
213594 4
86150 6
15587 8
11028 10
115100 4
219841 6
127145 8
114915 10
211403 4
3290 6
234647 8
43474 10
128423 4
152859 6
26230 8
159443 10
239159 4
165662 6
135303 8
24937 10
42112 4
58366 6
101262 8
149422 10
60998 4
29169 6
148643 8
210251 10
86975 4
78215 6
158060 8
112497 10
213787 4
163093 6
170990 8
187459 10
100850 4
199327 6
73184 8
12253 10
95582 4
97361 6
168332 8
134292 10
59296 4
171059 6
198769 8
12965 10
106017 4
57963 6
175455 8
1687 10
28683 4
132494 6
32095 8
83654 10
182400 4
72528 6
87705 8
187878 10
45084 4
60082 6
19992 8
143788 10
75098 4
213955 6
239346 8
79499 10
215001 4
159015 6
217172 8
14286 10
210051 4
226707 6
84439 8
77228 10
18312 4
222540 6
232150 8
156252 10
197874 4
238421 6
71197 8
207863 10
42521 4
224986 6
105584 8
57536 10
204267 4
31342 6
142945 8
14054 10
238498 4
130474 6
24066 8
161718 10
62387 4
53913 6
26643 8
79385 10
78653 4
39731 6
149464 8
18321 10
216028 4
120235 6
226703 8
31380 10
198434 4
7611 6
71736 8
28282 10
167450 4
179223 6
45363 8
67741 10
216407 4
77845 6
193554 8
195343 10
98977 4
108587 6
34166 8
158136 10
196463 4
177601 6
134866 8
6873 10
42828 4
226887 6
102005 8
168055 10
11263 4
83254 6
187548 8
74494 10
27055 4
115843 6
235338 8
158170 10
146858 4
132475 6
64610 8
95719 10
36193 4
70872 6
223329 8
216691 10
30604 4
41726 6
132416 8
188631 10
213472 4
175188 6
28776 8
130597 10
14906 4
112385 6
178801 8
71173 10
158726 4
35777 6
32953 8
195255 10
164189 4
131929 6
80256 8
73380 10
73809 4
179593 6
228724 8
147943 10
37690 4
66619 6
39182 8
1939 10
203997 4
34561 6
9190 8
21912 10
155551 4
81941 6
35031 8
228431 10
159347 4
31398 6
14107 8
64724 10
186054 4
97350 6
50364 8
89517 10
86474 4
4579 6
7682 8
125303 10
66788 4
46654 6
118284 8
78110 10
155693 4
149273 6
21613 8
226316 10
207248 4
26783 6
137125 8
231584 10
52244 4
184759 6
161647 8
207012 10
43914 4
106026 6
230834 8
43071 10
100602 4
224539 6
131743 8
239336 10
198220 4
217169 6
76402 8
27259 10
27401 4
209734 6
204683 8
50308 10
25846 4
129087 6
128000 8
184579 10
104084 4
167928 6
189044 8
28419 10
24284 4
51938 6
138063 8
185869 10
74082 4
111529 6
162147 8
13253 10
193121 4
38651 6
21654 8
9792 10
47350 4
532 6
40032 8
109064 10
132531 4
170152 6
90436 8
138596 10
153745 4
65590 6
123397 8
11435 10
201593 4
72677 6
169697 8
54659 10
192426 4
237365 6
55102 8
166179 10
37570 4
111986 6
72848 8
123114 10
80504 4
189864 6
205914 8
111034 10
54200 4
93953 6
78160 8
223085 10
207333 4
106786 6
180243 8
221914 10
46186 4
146008 6
33650 8
157034 10
70824 4
53753 6
8151 8
5089 10
78354 4
39433 6
161129 8
41908 10
174679 4
18682 6
131794 8
220585 10
178420 4
41348 6
70286 8
22763 10
142800 4
182018 6
1216 8
66952 10
121504 4
10673 6
152172 8
188819 10
172749 4
197202 6
56157 8
93619 10
209876 4
47233 6
109478 8
157899 10
234706 4
104841 6
62822 8
39596 10
173940 4
3077 6
86761 8
78685 10
148085 4
235459 6
211670 8
33947 10
226921 4
64888 6
67311 8
183661 10
53886 4
187320 6
132811 8
171435 10
201565 4
88929 6
234297 8
187793 10
189219 4
231807 6
49335 8
145472 10
188039 4
121527 6
85755 8
174351 10
135482 4
112759 6
66403 8
18857 10
234619 4
81619 6
7389 8
8085 10
234760 4
185240 6
33387 8
63599 10
10959 4
8407 6
174969 8
159658 10
169861 4
35126 6
147364 8
15840 10
237679 4
171487 6
174417 8
172465 10
177076 4
116491 6
215527 8
169178 10
229937 4
117260 6
211019 8
216004 10
225654 4
147968 6
1558 8
128162 10
191793 4
187726 6
215782 8
43882 10
164457 4
106823 6
156585 8
162932 10
220104 4
73700 6
140545 8
48676 10
129762 4
61933 6
118888 8
189534 10
48314 4
122131 6
168526 8
34703 10
32135 4
60845 6
190142 8
14304 10
39897 4
93285 6
181841 8
116261 10
175859 4
182799 6
65375 8
225605 10
76803 4
37896 6
28204 8
108893 10
113507 4
176797 6
205058 8
34160 10
125503 4
215563 6
36805 8
182383 10
114522 4
111878 6
200197 8
6930 10
157290 4
225409 6
167921 8
182392 10
126610 4
56712 6
64209 8
208142 10
231811 4
203665 6
108218 8
128842 10
213520 4
216622 6
159328 8
209770 10
83905 4
74018 6
70736 8
54618 10
168705 4
40429 6
69282 8
101086 10
16714 4
37072 6
49180 8
190911 10
198624 4
26860 6
232589 8
136021 10
18203 4
102848 6
15630 8
29492 10
65111 4
138745 6
167022 8
31977 10
116905 4
227219 6
203537 8
212745 10
93385 4
50256 6
135314 8
22967 10
226666 4
232314 6
38689 8
169115 10
238863 4
140607 6
147963 8
137213 10
76683 4
12826 6
144241 8
50287 10
204893 4
126419 6
152885 8
77874 10
157948 4
221058 6
58742 8
12594 10
174459 4
165701 6
42981 8
40646 10
194794 4
176231 6
227912 8
102803 10
128744 4
228137 6
33777 8
235514 10
228665 4
117573 6
37274 8
219247 10
146934 4
133574 6
111777 8
80850 10
74290 4
219440 6
192216 8
127329 10
201359 4
196541 6
10591 8
34009 10
8108 4
29677 6
180053 8
5377 10
118020 4
115710 6
173892 8
66370 10
214400 4
163098 6
235625 8
198515 10
26333 4
81590 6
226083 8
214085 10
227214 4
224610 6
135974 8
62231 10
15475 4
25004 6
236733 8
192362 10
111373 4
145413 6
66446 8
30186 10
137092 4
172473 6
66172 8
184330 10
34934 4
14128 6
210043 8
72198 10
221668 4
192006 6
184609 8
49575 10
59445 4
72522 6
132931 8
158810 10
16802 4
135568 6
51880 8
230551 10
216653 4
229419 6
195567 8
35855 10
181471 4
50332 6
100807 8
221602 10
43013 4
122226 6
21094 8
194683 10
110268 4
218287 6
71362 8
101808 10
74879 4
167754 6
12481 8
163316 10
194123 4
115222 6
213177 8
114179 10
221125 4
148542 6
3841 8
160175 10
39866 4
66946 6
224363 8
235574 10
127863 4
58694 6
118803 8
121289 10
181414 4
39564 6
152253 8
15226 10
170698 4
91135 6
105058 8
208078 10
181491 4
103825 6
69181 8
112982 10
70352 4
72922 6
83702 8
15728 10
164825 4
235850 6
209979 8
64493 10
211992 4
6947 6
83852 8
81537 10
23922 4
135100 6
75121 8
7268 10
78519 4
80217 6
13008 8
52289 10
154931 4
127540 6
228407 8
31797 10
177222 4
68351 6
52081 8
129934 10
219450 4
234996 6
161588 8
47996 10
84268 4
115536 6
199135 8
158076 10
166079 4
1623 6
43422 8
189049 10
11605 4
197911 6
29176 8
11071 10
195221 4
49787 6
3096 8
164337 10
95747 4
67502 6
66879 8
83737 10
225272 4
216965 6
209727 8
156508 10
158809 4
72858 6
113364 8
75979 10
143908 4
155499 6
24847 8
79114 10
221513 4
83554 6
194555 8
153112 10
61580 4
220613 6
177821 8
141648 10
149600 4
156621 6
156831 8
235087 10
174891 4
10022 6
29829 8
153780 10
178235 4
39375 6
119275 8
34035 10
79475 4
230454 6
37627 8
70545 10
168451 4
5967 6
183013 8
83998 10
126677 4
82708 6
117989 8
185080 10
205118 4
155303 6
195584 8
89541 10
108614 4
116847 6
17677 8
145203 10
192794 4
32894 6
95339 8
143236 10
222673 4
126358 6
164958 8
100021 10
195024 4
74528 6
194531 8
223081 10
85979 4
212455 6
129444 8
107296 10
40555 4
188448 6
193748 8
184060 10
52725 4
100499 6
221783 8
203161 10
141671 4
101140 6
130367 8
109460 10
39788 4
213923 6
12598 8
124429 10
127552 4
207247 6
206091 8
82481 10
117907 4
80789 6
17525 8
47395 10
82875 4
210467 6
87994 8
37528 10
214090 4
195988 6
179887 8
177888 10
1972 4
238524 6
39089 8
87908 10
92751 4
85333 6
129043 8
2748 10
46498 4
79350 6
77801 8
217144 10
87077 4
235697 6
23822 8
43190 10
25638 4
222283 6
110536 8
189882 10
99970 4
133946 6
125682 8
52072 10
175059 4
116708 6
166018 8
69293 10
37131 4
139591 6
149487 8
38563 10
128902 4
60113 6
148334 8
131699 10
97277 4
82070 6
112539 8
12496 10
169127 4
218644 6
192293 8
112942 10
200025 4
94888 6
190790 8
61178 10
83718 4
76495 6
84946 8
84258 10
212829 4
70892 6
141203 8
66708 10
62854 4
174735 6
41327 8
16557 10
74129 4
100804 6
68270 8
5833 10
77205 4
21592 6
65218 8
20860 10
136447 4
63617 6
12678 8
19254 10
188391 4
125611 6
207239 8
159480 10
159245 4
168016 6
115667 8
113825 10
10449 4
116715 6
191933 8
235808 10
168102 4
123812 6
120925 8
221568 10
155269 4
51925 6
220115 8
111842 10
114560 4
155481 6
181797 8
78656 10
173532 4
91692 6
182587 8
154797 10
200085 4
100808 6
173600 8
69001 10
231368 4
170127 6
162854 8
135422 10
104747 4
14172 6
59585 8
112892 10
134537 4
87072 6
162624 8
177018 10
162070 4
226640 6
21072 8
149634 10
138777 4
161655 6
47525 8
184783 10
101333 4
54960 6
230043 8
238856 10
221865 4
39477 6
161435 8
91664 10
217462 4
153238 6
213053 8
177096 10
156459 4
167507 6
128759 8
117916 10
209449 4
202676 6
86551 8
218571 10
62539 4
62180 6
136029 8
75886 10
177455 4
111303 6
190144 8
141420 10
151819 4
163994 6
64490 8
212938 10
154559 4
97841 6
189795 8
85939 10
12727 4
107857 6
54703 8
154858 10
9451 4
193180 6
142759 8
207401 10
159659 4
173436 6
20964 8
75418 10
169340 4
94235 6
18025 8
9549 10
88081 4
189678 6
83739 8
150646 10
133377 4
57332 6
227349 8
173262 10
5563 4
89333 6
215385 8
199161 10
57243 4
194851 6
37412 8
79406 10
16347 4
164942 6
160767 8
179042 10
23911 4
142823 6
90437 8
111904 10
149259 4
203487 6
46397 8
176736 10
162046 4
36169 6
113503 8
42455 10
15677 4
112432 6
72153 8
131292 10
2230 4
27411 6
27517 8
75361 10
195948 4
232857 6
107466 8
92656 10
217812 4
229801 6
217251 8
214880 10
93955 4
55639 6
213210 8
14980 10
207035 4
27957 6
110775 8
70276 10
178828 4
73648 6
85288 8
153544 10
144868 4
177704 6
220846 8
46931 10
11920 4
158799 6
172379 8
210241 10
35655 4
31908 6
128861 8
106041 10
116925 4
151067 6
237386 8
57491 10
191144 4
95512 6
172016 8
80327 10
21391 4
215659 6
234615 8
20765 10
48051 4
106290 6
145237 8
145043 10
104418 4
66996 6
18448 8
190798 10
20893 4
2025 6
223271 8
199530 10
67709 4
37944 6
42233 8
236018 10
21193 4
211374 6
189962 8
8013 10
204350 4
229152 6
221986 8
154975 10
114786 4
94419 6
137384 8
197490 10
202760 4
133662 6
118626 8
110672 10
101553 4
48331 6
95839 8
191143 10
81336 4
200666 6
179896 8
19477 10
140750 4
105286 6
129547 8
97092 10
42470 4
167007 6
21473 8
113879 10
103723 4
96474 6
88313 8
135878 10
134771 4
230998 6
18854 8
129428 10
185183 4
228569 6
184170 8
83509 10
94798 4
198284 6
222565 8
22601 10
233864 4
38872 6
95518 8
150773 10
211829 4
116099 6
151568 8
58544 10
120535 4
191145 6
170006 8
22988 10
184931 4
96548 6
112016 8
62309 10
167935 4
199692 6
156106 8
201536 10
106182 4
20991 6
80546 8
89237 10
66248 4
111080 6
44560 8
7830 10
167632 4
151128 6
187796 8
8597 10
149154 4
191165 6
194716 8
219299 10
202643 4
12071 6
66740 8
42948 10
197175 4
26344 6
213965 8
122925 10
206758 4
217646 6
222725 8
219327 10
65873 4
224007 6
15384 8
230313 10
121930 4
6485 6
16100 8
52111 10
72995 4
201760 6
207672 8
215036 10
218060 4
200389 6
150527 8
118362 10
115795 4
84841 6
15996 8
215951 10
176784 4
97625 6
15114 8
20856 10
161182 4
67435 6
16946 8
204016 10
232542 4
166590 6
231691 8
17214 10
22225 4
76764 6
183718 8
93216 10
231622 4
174495 6
207837 8
144280 10
127993 4
64496 6
158535 8
10214 10
227623 4
40914 6
176852 8
198789 10
102385 4
75615 6
139971 8
107917 10
178560 4
32730 6
126438 8
119536 10
237349 4
144853 6
39863 8
4576 10
1234 4
223968 6
227139 8
152016 10
217472 4
227481 6
44040 8
155582 10
218835 4
120053 6
172959 8
20947 10
202533 4
51444 6
94018 8
62916 10
47075 4
215671 6
198598 8
184312 10
196734 4
31754 6
119074 8
46553 10
7369 4
20209 6
115699 8
65320 10
28291 4
128429 6
136324 8
201962 10
59268 4
207171 6
198749 8
126233 10
237 4
140768 6
79951 8
219372 10
194018 4
190270 6
238337 8
102547 10
128481 4
44396 6
122630 8
134870 10
220981 4
159806 6
70359 8
9297 10
184229 4
72895 6
82280 8
119841 10
9683 4
112588 6
166068 8
2888 10
198017 4
152429 6
5642 8
12629 10
55017 4
35876 6
54292 8
191442 10
194276 4
120181 6
226052 8
91299 10
219832 4
27970 6
210808 8
216071 10
55325 4
137302 6
200820 8
216930 10
140124 4
210360 6
219001 8
114485 10
131329 4
27680 6
110212 8
108373 10
193677 4
195146 6
161759 8
169458 10
209512 4
135198 6
39776 8
216336 10
45830 4
134025 6
81032 8
92185 10
118511 4
8866 6
58921 8
87732 10
58113 4
141855 6
93969 8
238056 10
92512 4
209297 6
23245 8
18746 10
7472 4
204223 6
171794 8
93472 10
217926 4
86454 6
107224 8
226459 10
168714 4
215410 6
140186 8
156250 10
154916 4
99175 6
165806 8
82890 10
135321 4
199978 6
222475 8
184091 10
80733 4
82975 6
148368 8
85128 10
206958 4
59500 6
211364 8
167147 10
118065 4
146698 6
122219 8
125656 10
57375 4
11488 6
51863 8
126816 10
198672 4
161461 6
107712 8
194281 10
202037 4
5865 6
113183 8
69474 10
27035 4
102696 6
195701 8
212050 10
113290 4
118810 6
153620 8
179643 10
141765 4
146717 6
213510 8
179379 10
2720 4
193341 6
159282 8
34474 10
104614 4
184948 6
198339 8
146933 10
71253 4
39497 6
148774 8
12212 10
200604 4
52746 6
15769 8
51267 10
138556 4
69265 6
190004 8
79692 10
73119 4
201074 6
205925 8
129549 10
70433 4
102401 6
148218 8
80864 10
10072 4
83883 6
156197 8
65829 10
32751 4
73197 6
9868 8
208013 10
219688 4
148993 6
219304 8
20349 10
65642 4
51456 6
8084 8
20631 10
213327 4
167167 6
180255 8
102420 10
187526 4
119799 6
55424 8
1128 10
43751 4
218509 6
174776 8
116585 10
210696 4
48505 6
135952 8
111676 10
140334 4
225665 6
232929 8
172175 10
35996 4
237163 6
109438 8
70084 10
158848 4
123952 6
136880 8
122966 10
161664 4
27361 6
229998 8
85478 10
49235 4
231423 6
61544 8
221217 10
73890 4
151788 6
98026 8
35908 10
84566 4
187303 6
76421 8
205475 10
87953 4
169981 6
191560 8
138656 10
121972 4
176467 6
155031 8
167447 10
172328 4
185431 6
31285 8
109009 10
231294 4
223854 6
22245 8
108091 10
50517 4
87638 6
39090 8
232723 10
175468 4
34289 6
178001 8
176013 10
185500 4
115040 6
198965 8
25640 10
40933 4
48953 6
115617 8
51677 10
216491 4
87085 6
218058 8
165306 10
33991 4
214667 6
17009 8
161408 10
165064 4
193848 6
164694 8
58451 10
69197 4
189187 6
90927 8
188833 10
86465 4
172429 6
110860 8
98666 10
182386 4
97269 6
37204 8
17531 10
235125 4
208712 6
170681 8
218334 10
154699 4
170368 6
181054 8
206643 10
224836 4
72170 6
41179 8
23355 10
132070 4
97737 6
94878 8
160462 10
