212507
194522
154985
67718
150862
117458
205803
41830
77791
238302
166763
113920
116850
109948
18550
206566
174537
139134
82629
212253
125554
218018
123068
79060
22003
151344
108751
3199
4847
69637
122618
149559
113724
232847
83763
219433
43063
19467
1970
125926
97659
138611
197695
18860
63733
185226
4760
95703
13763
229047
222425
16059
149331
188996
16162
160495
176928
125536
214274
200336
115559
115691
206171
75729
121654
9494
102576
48029
46833
16051
172946
148235
153839
83999
211603
181532
154052
223223
43515
131040
188190
84977
127028
234462
217292
101108
175636
203382
212140
226585
149124
194919
93837
231827
134095
180463
184734
207798
232954
161027
180001
194472
117962
121809
139870
20966
155524
208489
84311
214715
104519
88874
126853
230255
73551
225324
132284
56490
31219
206006
155730
132110
158710
118987
142865
158196
81210
131191
188952
54133
209190
62617
85760
47500
24585
207227
185418
135909
228327
48756
221043
157320
151053
197933
132343
124095
213110
21381
9081
159156
56529
147378
237936
10990
101485
72618
55242
26389
185927
29729
7809
3935
131373
201397
55451
56890
157000