159131
227998
22770
145440
7128
224900
124674
68758
106305
29516
174216
167945
207657
206347
40769
232586
99995
224091
38003
185306
80877
209146
159659
95144
5783
184676
165325
206732
44670
62295
237428
34436
64245
145954
166765
214950
33262
237996
120451
48060
19333
43239
196049
179880
202827
31475
188323
228456
101866
64496
149390
198986
16114
126437
177032
196764
210135
88813
212256
209432
173961
12002
116576
51181
169651
189014
81055
213808
235809
1391
118063
123463
239310
46078
52542
71198
155714
51257
55846
81609
90422
158150
160703
63762
8510
59913
111210
74799
232829
146165
118092
18624
185107
202921
65947
198646
151372
149251
100775
125539
94738
67153
60792
192207
53722
222228
79431
24003
181304
159960
91135
188664
19831
108249
2209
162371
150615
17840
133597
221196
172971
158778
179761
197041
88162
143362
47989
214179
40159
122663
165804
25626
37189
150696
103532
194285
100525
46860
203107
119149
95584
87598
220284
206495
46903
25838
139998
420
82430
21230
63726
162271
172019
18473
98129
211699
42498
36570
136641
209548
160448
105938
15272
12537
29944
134837