204129
25333
25728
234148
26730
166365
202278
238160
194670
136540
172189
171891
215994
101741
99699
216784
121125
166533
55592
75691
61039
39077
89374
119637
188883
61351
167273
120780
91173
173933
91094
132496
66397
70522
163211
195550
96540
31973
217064
58932
208187
82786
52999
99855
82414
214551
108338
114272
107460
89750
207783
12712
95995
188407
3708
185037
118547
178071
37953
200603
86111
90389
128949
188575
61398
224214
47181
216493
107389
124359
150237
83007
186723
148135
63119
24648
212875
181593
236774
203674
175086
11972
235335
62122
80817
22687
171968
37633
88826
50007
43163
36311
85103
60470
68136
80946
231303
189937
93046
134776
74796
11407
193863
165751
134478
57177
81620
206187
110439
40529
169853
22809
72633
68364
90296
183677
221458
48460
33787
22921
100944
161206
2227
196780
202397
82002
38919
172540
110081
62979
204098
64053
87989
115028
194420
27044
172460
82725
92181
99338
195377
126968
154938
216604
208213
215845
108887
155764
154195
134631
204325
47927
82884
107624
108499
124986
18615
90293
73014
136617
136300
28512
77228
105941
132872
60547
175019